LabVIEW Measurement	
Writer_Version	2
Reader_Version	2
Separator	Tab
Multi_Headings	Yes
X_Columns	No
Time_Pref	Absolute
Operator	petrophysics
Date	2016/10/12
Time	17:51:10.861386
***End_of_Header***	
	
Channels	1	
Samples	2500	
Date	1903/12/31	
Time	18:00:00	
Y_Unit_Label	Voltage (V)	
X_Dimension	Time (s)	
X0	-2.4999999999999957E-5	
Delta_X	1.000000E-7	
***End_of_Header***		
X_Value	step3.6_vp_a937.5,r750,p525_4 - TDS 2014C(CH1)	Comment
-2.500000E-5	0.040000
-2.490000E-5	0.000000
-2.480000E-5	0.000000
-2.470000E-5	0.000000
-2.460000E-5	0.000000
-2.450000E-5	0.040000
-2.440000E-5	0.000000
-2.430000E-5	0.000000
-2.420000E-5	0.000000
-2.410000E-5	0.040000
-2.400000E-5	0.040000
-2.390000E-5	0.000000
-2.380000E-5	0.000000
-2.370000E-5	0.040000
-2.360000E-5	0.040000
-2.350000E-5	0.000000
-2.340000E-5	0.000000
-2.330000E-5	0.040000
-2.320000E-5	0.040000
-2.310000E-5	0.000000
-2.300000E-5	0.040000
-2.290000E-5	0.000000
-2.280000E-5	0.000000
-2.270000E-5	0.040000
-2.260000E-5	0.000000
-2.250000E-5	0.000000
-2.240000E-5	0.040000
-2.230000E-5	0.000000
-2.220000E-5	0.000000
-2.210000E-5	0.000000
-2.200000E-5	0.000000
-2.190000E-5	0.000000
-2.180000E-5	0.040000
-2.170000E-5	0.000000
-2.160000E-5	0.000000
-2.150000E-5	0.000000
-2.140000E-5	0.000000
-2.130000E-5	0.000000
-2.120000E-5	0.000000
-2.110000E-5	0.000000
-2.100000E-5	0.000000
-2.090000E-5	0.000000
-2.080000E-5	0.040000
-2.070000E-5	0.000000
-2.060000E-5	0.000000
-2.050000E-5	0.000000
-2.040000E-5	0.000000
-2.030000E-5	0.000000
-2.020000E-5	0.040000
-2.010000E-5	0.000000
-2.000000E-5	0.000000
-1.990000E-5	0.000000
-1.980000E-5	0.000000
-1.970000E-5	0.040000
-1.960000E-5	0.040000
-1.950000E-5	0.000000
-1.940000E-5	0.040000
-1.930000E-5	0.040000
-1.920000E-5	0.040000
-1.910000E-5	0.040000
-1.900000E-5	0.000000
-1.890000E-5	0.000000
-1.880000E-5	0.000000
-1.870000E-5	0.000000
-1.860000E-5	0.000000
-1.850000E-5	0.000000
-1.840000E-5	0.040000
-1.830000E-5	0.000000
-1.820000E-5	0.040000
-1.810000E-5	0.000000
-1.800000E-5	0.000000
-1.790000E-5	0.040000
-1.780000E-5	0.000000
-1.770000E-5	0.000000
-1.760000E-5	0.000000
-1.750000E-5	0.040000
-1.740000E-5	0.000000
-1.730000E-5	0.000000
-1.720000E-5	0.000000
-1.710000E-5	0.000000
-1.700000E-5	0.000000
-1.690000E-5	0.000000
-1.680000E-5	0.000000
-1.670000E-5	0.000000
-1.660000E-5	0.000000
-1.650000E-5	0.000000
-1.640000E-5	0.000000
-1.630000E-5	0.000000
-1.620000E-5	0.000000
-1.610000E-5	0.000000
-1.600000E-5	0.000000
-1.590000E-5	0.000000
-1.580000E-5	0.000000
-1.570000E-5	0.000000
-1.560000E-5	0.000000
-1.550000E-5	0.000000
-1.540000E-5	0.000000
-1.530000E-5	0.000000
-1.520000E-5	0.040000
-1.510000E-5	0.040000
-1.500000E-5	0.040000
-1.490000E-5	0.000000
-1.480000E-5	0.000000
-1.470000E-5	0.040000
-1.460000E-5	0.040000
-1.450000E-5	0.000000
-1.440000E-5	0.000000
-1.430000E-5	0.000000
-1.420000E-5	0.000000
-1.410000E-5	0.000000
-1.400000E-5	0.040000
-1.390000E-5	0.000000
-1.380000E-5	0.000000
-1.370000E-5	0.000000
-1.360000E-5	0.000000
-1.350000E-5	0.040000
-1.340000E-5	0.040000
-1.330000E-5	0.000000
-1.320000E-5	0.000000
-1.310000E-5	0.000000
-1.300000E-5	0.000000
-1.290000E-5	0.000000
-1.280000E-5	0.040000
-1.270000E-5	0.000000
-1.260000E-5	0.040000
-1.250000E-5	0.000000
-1.240000E-5	0.000000
-1.230000E-5	0.000000
-1.220000E-5	0.000000
-1.210000E-5	0.000000
-1.200000E-5	0.000000
-1.190000E-5	0.000000
-1.180000E-5	0.040000
-1.170000E-5	0.040000
-1.160000E-5	0.000000
-1.150000E-5	0.000000
-1.140000E-5	0.000000
-1.130000E-5	0.000000
-1.120000E-5	0.000000
-1.110000E-5	0.000000
-1.100000E-5	0.040000
-1.090000E-5	0.040000
-1.080000E-5	0.000000
-1.070000E-5	0.000000
-1.060000E-5	0.000000
-1.050000E-5	0.000000
-1.040000E-5	0.000000
-1.030000E-5	0.040000
-1.020000E-5	0.040000
-1.010000E-5	0.000000
-1.000000E-5	0.040000
-9.900000E-6	0.000000
-9.800000E-6	0.000000
-9.700000E-6	0.000000
-9.600000E-6	0.000000
-9.500000E-6	0.000000
-9.400000E-6	0.000000
-9.300000E-6	0.040000
-9.200000E-6	0.000000
-9.100000E-6	0.000000
-9.000000E-6	0.000000
-8.900000E-6	0.000000
-8.800000E-6	0.000000
-8.700000E-6	0.040000
-8.600000E-6	0.000000
-8.500000E-6	0.040000
-8.400000E-6	0.040000
-8.300000E-6	0.000000
-8.200000E-6	0.040000
-8.100000E-6	0.000000
-8.000000E-6	0.000000
-7.900000E-6	0.000000
-7.800000E-6	0.040000
-7.700000E-6	0.040000
-7.600000E-6	0.000000
-7.500000E-6	0.000000
-7.400000E-6	0.000000
-7.300000E-6	0.040000
-7.200000E-6	0.000000
-7.100000E-6	0.000000
-7.000000E-6	0.000000
-6.900000E-6	0.000000
-6.800000E-6	0.040000
-6.700000E-6	0.000000
-6.600000E-6	0.000000
-6.500000E-6	0.000000
-6.400000E-6	0.000000
-6.300000E-6	0.000000
-6.200000E-6	0.000000
-6.100000E-6	0.040000
-6.000000E-6	0.040000
-5.900000E-6	0.000000
-5.800000E-6	0.040000
-5.700000E-6	0.040000
-5.600000E-6	0.040000
-5.500000E-6	0.000000
-5.400000E-6	0.000000
-5.300000E-6	0.040000
-5.200000E-6	0.040000
-5.100000E-6	0.040000
-5.000000E-6	0.040000
-4.900000E-6	0.000000
-4.800000E-6	0.000000
-4.700000E-6	0.040000
-4.600000E-6	0.040000
-4.500000E-6	0.000000
-4.400000E-6	0.000000
-4.300000E-6	0.040000
-4.200000E-6	0.000000
-4.100000E-6	0.040000
-4.000000E-6	0.040000
-3.900000E-6	0.000000
-3.800000E-6	0.000000
-3.700000E-6	0.000000
-3.600000E-6	0.040000
-3.500000E-6	0.040000
-3.400000E-6	0.040000
-3.300000E-6	0.000000
-3.200000E-6	0.000000
-3.100000E-6	0.040000
-3.000000E-6	0.000000
-2.900000E-6	0.040000
-2.800000E-6	0.040000
-2.700000E-6	0.000000
-2.600000E-6	0.040000
-2.500000E-6	0.000000
-2.400000E-6	0.040000
-2.300000E-6	0.040000
-2.200000E-6	0.040000
-2.100000E-6	0.040000
-2.000000E-6	0.000000
-1.900000E-6	0.000000
-1.800000E-6	0.000000
-1.700000E-6	0.000000
-1.600000E-6	0.000000
-1.500000E-6	0.040000
-1.400000E-6	0.000000
-1.300000E-6	0.000000
-1.200000E-6	0.000000
-1.100000E-6	0.000000
-1.000000E-6	0.000000
-9.000000E-7	0.000000
-8.000000E-7	0.000000
-7.000000E-7	0.040000
-6.000000E-7	0.040000
-5.000000E-7	0.000000
-4.000000E-7	0.040000
-3.000000E-7	0.000000
-2.000000E-7	0.000000
-1.000000E-7	0.040000
0.000000	0.000000
1.000000E-7	0.000000
2.000000E-7	0.000000
3.000000E-7	0.040000
4.000000E-7	0.040000
5.000000E-7	0.040000
6.000000E-7	0.040000
7.000000E-7	0.000000
8.000000E-7	-0.080000
9.000000E-7	0.040000
1.000000E-6	0.040000
1.100000E-6	0.040000
1.200000E-6	0.000000
1.300000E-6	0.000000
1.400000E-6	0.040000
1.500000E-6	0.040000
1.600000E-6	0.040000
1.700000E-6	0.040000
1.800000E-6	0.040000
1.900000E-6	0.000000
2.000000E-6	0.040000
2.100000E-6	0.000000
2.200000E-6	0.000000
2.300000E-6	0.040000
2.400000E-6	0.000000
2.500000E-6	0.000000
2.600000E-6	0.040000
2.700000E-6	0.000000
2.800000E-6	0.000000
2.900000E-6	0.000000
3.000000E-6	0.000000
3.100000E-6	0.040000
3.200000E-6	0.000000
3.300000E-6	0.000000
3.400000E-6	0.000000
3.500000E-6	0.040000
3.600000E-6	0.000000
3.700000E-6	0.040000
3.800000E-6	0.040000
3.900000E-6	0.040000
4.000000E-6	0.000000
4.100000E-6	0.040000
4.200000E-6	0.040000
4.300000E-6	0.040000
4.400000E-6	0.040000
4.500000E-6	0.000000
4.600000E-6	0.040000
4.700000E-6	0.040000
4.800000E-6	0.040000
4.900000E-6	0.000000
5.000000E-6	0.000000
5.100000E-6	0.040000
5.200000E-6	0.040000
5.300000E-6	0.040000
5.400000E-6	0.000000
5.500000E-6	0.000000
5.600000E-6	0.040000
5.700000E-6	0.040000
5.800000E-6	0.000000
5.900000E-6	0.000000
6.000000E-6	0.040000
6.100000E-6	0.000000
6.200000E-6	0.000000
6.300000E-6	0.000000
6.400000E-6	0.040000
6.500000E-6	0.000000
6.600000E-6	0.040000
6.700000E-6	0.000000
6.800000E-6	0.040000
6.900000E-6	0.000000
7.000000E-6	0.040000
7.100000E-6	0.040000
7.200000E-6	0.000000
7.300000E-6	0.040000
7.400000E-6	0.000000
7.500000E-6	0.000000
7.600000E-6	0.040000
7.700000E-6	0.040000
7.800000E-6	0.040000
7.900000E-6	0.040000
8.000000E-6	0.000000
8.100000E-6	0.000000
8.200000E-6	0.000000
8.300000E-6	0.000000
8.400000E-6	0.000000
8.500000E-6	0.000000
8.600000E-6	0.000000
8.700000E-6	0.000000
8.800000E-6	0.000000
8.900000E-6	0.000000
9.000000E-6	0.040000
9.100000E-6	0.000000
9.200000E-6	0.000000
9.300000E-6	0.040000
9.400000E-6	0.040000
9.500000E-6	0.000000
9.600000E-6	0.040000
9.700000E-6	0.040000
9.800000E-6	0.000000
9.900000E-6	0.000000
1.000000E-5	0.040000
1.010000E-5	0.000000
1.020000E-5	0.040000
1.030000E-5	0.040000
1.040000E-5	0.000000
1.050000E-5	0.040000
1.060000E-5	0.040000
1.070000E-5	0.000000
1.080000E-5	0.000000
1.090000E-5	0.040000
1.100000E-5	0.040000
1.110000E-5	0.000000
1.120000E-5	0.000000
1.130000E-5	0.000000
1.140000E-5	0.040000
1.150000E-5	0.000000
1.160000E-5	0.000000
1.170000E-5	0.040000
1.180000E-5	0.000000
1.190000E-5	0.000000
1.200000E-5	0.040000
1.210000E-5	0.000000
1.220000E-5	0.040000
1.230000E-5	0.000000
1.240000E-5	0.000000
1.250000E-5	0.000000
1.260000E-5	0.000000
1.270000E-5	0.000000
1.280000E-5	0.000000
1.290000E-5	0.000000
1.300000E-5	0.000000
1.310000E-5	0.000000
1.320000E-5	0.000000
1.330000E-5	0.040000
1.340000E-5	0.000000
1.350000E-5	0.000000
1.360000E-5	0.000000
1.370000E-5	0.000000
1.380000E-5	0.000000
1.390000E-5	0.000000
1.400000E-5	0.040000
1.410000E-5	0.000000
1.420000E-5	0.040000
1.430000E-5	0.000000
1.440000E-5	0.000000
1.450000E-5	0.040000
1.460000E-5	0.040000
1.470000E-5	0.000000
1.480000E-5	0.000000
1.490000E-5	0.000000
1.500000E-5	0.000000
1.510000E-5	0.000000
1.520000E-5	0.040000
1.530000E-5	0.000000
1.540000E-5	0.000000
1.550000E-5	0.000000
1.560000E-5	0.000000
1.570000E-5	0.000000
1.580000E-5	0.040000
1.590000E-5	0.000000
1.600000E-5	0.000000
1.610000E-5	0.000000
1.620000E-5	0.000000
1.630000E-5	0.040000
1.640000E-5	0.040000
1.650000E-5	0.000000
1.660000E-5	0.000000
1.670000E-5	0.000000
1.680000E-5	0.000000
1.690000E-5	0.040000
1.700000E-5	0.000000
1.710000E-5	0.000000
1.720000E-5	0.000000
1.730000E-5	0.040000
1.740000E-5	0.000000
1.750000E-5	0.040000
1.760000E-5	0.000000
1.770000E-5	0.000000
1.780000E-5	0.000000
1.790000E-5	0.040000
1.800000E-5	0.000000
1.810000E-5	0.000000
1.820000E-5	0.000000
1.830000E-5	0.000000
1.840000E-5	0.000000
1.850000E-5	0.000000
1.860000E-5	0.000000
1.870000E-5	0.000000
1.880000E-5	0.040000
1.890000E-5	0.000000
1.900000E-5	0.000000
1.910000E-5	0.000000
1.920000E-5	0.000000
1.930000E-5	0.000000
1.940000E-5	0.040000
1.950000E-5	0.040000
1.960000E-5	0.040000
1.970000E-5	0.000000
1.980000E-5	0.000000
1.990000E-5	0.040000
2.000000E-5	0.000000
2.010000E-5	0.000000
2.020000E-5	0.000000
2.030000E-5	0.040000
2.040000E-5	0.040000
2.050000E-5	0.040000
2.060000E-5	0.000000
2.070000E-5	0.000000
2.080000E-5	0.000000
2.090000E-5	0.040000
2.100000E-5	0.000000
2.110000E-5	0.000000
2.120000E-5	0.040000
2.130000E-5	0.040000
2.140000E-5	0.040000
2.150000E-5	0.000000
2.160000E-5	0.000000
2.170000E-5	0.040000
2.180000E-5	0.040000
2.190000E-5	0.040000
2.200000E-5	0.000000
2.210000E-5	0.040000
2.220000E-5	0.000000
2.230000E-5	0.000000
2.240000E-5	0.000000
2.250000E-5	0.000000
2.260000E-5	0.000000
2.270000E-5	0.000000
2.280000E-5	0.000000
2.290000E-5	0.000000
2.300000E-5	0.000000
2.310000E-5	0.000000
2.320000E-5	0.000000
2.330000E-5	0.000000
2.340000E-5	0.000000
2.350000E-5	0.000000
2.360000E-5	0.040000
2.370000E-5	0.000000
2.380000E-5	0.040000
2.390000E-5	0.000000
2.400000E-5	0.000000
2.410000E-5	0.000000
2.420000E-5	0.000000
2.430000E-5	0.000000
2.440000E-5	0.040000
2.450000E-5	0.040000
2.460000E-5	0.040000
2.470000E-5	0.000000
2.480000E-5	0.000000
2.490000E-5	0.040000
2.500000E-5	0.040000
2.510000E-5	0.040000
2.520000E-5	0.000000
2.530000E-5	0.000000
2.540000E-5	0.040000
2.550000E-5	0.000000
2.560000E-5	0.000000
2.570000E-5	0.040000
2.580000E-5	0.000000
2.590000E-5	0.000000
2.600000E-5	0.000000
2.610000E-5	0.040000
2.620000E-5	0.040000
2.630000E-5	0.040000
2.640000E-5	0.000000
2.650000E-5	0.000000
2.660000E-5	0.000000
2.670000E-5	0.000000
2.680000E-5	0.040000
2.690000E-5	0.040000
2.700000E-5	0.040000
2.710000E-5	0.040000
2.720000E-5	0.040000
2.730000E-5	0.040000
2.740000E-5	0.040000
2.750000E-5	0.040000
2.760000E-5	0.040000
2.770000E-5	0.040000
2.780000E-5	0.040000
2.790000E-5	0.000000
2.800000E-5	0.000000
2.810000E-5	0.000000
2.820000E-5	0.000000
2.830000E-5	0.000000
2.840000E-5	0.000000
2.850000E-5	0.000000
2.860000E-5	0.000000
2.870000E-5	0.000000
2.880000E-5	0.000000
2.890000E-5	0.000000
2.900000E-5	0.000000
2.910000E-5	0.000000
2.920000E-5	0.000000
2.930000E-5	0.000000
2.940000E-5	0.040000
2.950000E-5	0.000000
2.960000E-5	0.040000
2.970000E-5	0.000000
2.980000E-5	0.000000
2.990000E-5	0.000000
3.000000E-5	0.040000
3.010000E-5	0.040000
3.020000E-5	0.040000
3.030000E-5	0.040000
3.040000E-5	0.040000
3.050000E-5	0.040000
3.060000E-5	0.040000
3.070000E-5	0.040000
3.080000E-5	0.000000
3.090000E-5	0.040000
3.100000E-5	0.040000
3.110000E-5	0.000000
3.120000E-5	0.000000
3.130000E-5	0.000000
3.140000E-5	0.000000
3.150000E-5	0.000000
3.160000E-5	0.040000
3.170000E-5	0.040000
3.180000E-5	0.080000
3.190000E-5	0.080000
3.200000E-5	0.080000
3.210000E-5	0.040000
3.220000E-5	0.000000
3.230000E-5	-0.040000
3.240000E-5	-0.040000
3.250000E-5	-0.040000
3.260000E-5	-0.040000
3.270000E-5	-0.040000
3.280000E-5	-0.040000
3.290000E-5	-0.040000
3.300000E-5	-0.080000
3.310000E-5	-0.080000
3.320000E-5	-0.120000
3.330000E-5	-0.120000
3.340000E-5	-0.080000
3.350000E-5	-0.040000
3.360000E-5	0.000000
3.370000E-5	0.040000
3.380000E-5	0.040000
3.390000E-5	0.080000
3.400000E-5	0.080000
3.410000E-5	0.080000
3.420000E-5	0.120000
3.430000E-5	0.160000
3.440000E-5	0.160000
3.450000E-5	0.200000
3.460000E-5	0.200000
3.470000E-5	0.200000
3.480000E-5	0.200000
3.490000E-5	0.200000
3.500000E-5	0.120000
3.510000E-5	0.080000
3.520000E-5	0.040000
3.530000E-5	0.040000
3.540000E-5	0.000000
3.550000E-5	0.000000
3.560000E-5	-0.040000
3.570000E-5	-0.080000
3.580000E-5	-0.080000
3.590000E-5	-0.120000
3.600000E-5	-0.160000
3.610000E-5	-0.120000
3.620000E-5	-0.120000
3.630000E-5	-0.120000
3.640000E-5	-0.120000
3.650000E-5	-0.080000
3.660000E-5	-0.080000
3.670000E-5	-0.080000
3.680000E-5	-0.080000
3.690000E-5	-0.080000
3.700000E-5	-0.120000
3.710000E-5	-0.120000
3.720000E-5	-0.120000
3.730000E-5	-0.080000
3.740000E-5	-0.040000
3.750000E-5	-0.040000
3.760000E-5	-0.040000
3.770000E-5	-0.040000
3.780000E-5	-0.040000
3.790000E-5	0.000000
3.800000E-5	0.040000
3.810000E-5	0.080000
3.820000E-5	0.160000
3.830000E-5	0.280000
3.840000E-5	0.360000
3.850000E-5	0.440000
3.860000E-5	0.520000
3.870000E-5	0.520000
3.880000E-5	0.520000
3.890000E-5	0.480000
3.900000E-5	0.400000
3.910000E-5	0.320000
3.920000E-5	0.280000
3.930000E-5	0.200000
3.940000E-5	0.120000
3.950000E-5	0.040000
3.960000E-5	-0.080000
3.970000E-5	-0.240000
3.980000E-5	-0.360000
3.990000E-5	-0.520000
4.000000E-5	-0.600000
4.010000E-5	-0.680000
4.020000E-5	-0.720000
4.030000E-5	-0.760000
4.040000E-5	-0.760000
4.050000E-5	-0.720000
4.060000E-5	-0.680000
4.070000E-5	-0.600000
4.080000E-5	-0.480000
4.090000E-5	-0.360000
4.100000E-5	-0.200000
4.110000E-5	0.000000
4.120000E-5	0.160000
4.130000E-5	0.360000
4.140000E-5	0.520000
4.150000E-5	0.680000
4.160000E-5	0.800000
4.170000E-5	0.880000
4.180000E-5	0.920000
4.190000E-5	0.960000
4.200000E-5	0.920000
4.210000E-5	0.840000
4.220000E-5	0.800000
4.230000E-5	0.680000
4.240000E-5	0.520000
4.250000E-5	0.400000
4.260000E-5	0.240000
4.270000E-5	0.080000
4.280000E-5	-0.040000
4.290000E-5	-0.160000
4.300000E-5	-0.240000
4.310000E-5	-0.360000
4.320000E-5	-0.440000
4.330000E-5	-0.480000
4.340000E-5	-0.560000
4.350000E-5	-0.640000
4.360000E-5	-0.680000
4.370000E-5	-0.760000
4.380000E-5	-0.800000
4.390000E-5	-0.800000
4.400000E-5	-0.720000
4.410000E-5	-0.720000
4.420000E-5	-0.640000
4.430000E-5	-0.560000
4.440000E-5	-0.520000
4.450000E-5	-0.400000
4.460000E-5	-0.280000
4.470000E-5	-0.120000
4.480000E-5	0.080000
4.490000E-5	0.320000
4.500000E-5	0.560000
4.510000E-5	0.800000
4.520000E-5	1.000000
4.530000E-5	1.160000
4.540000E-5	1.320000
4.550000E-5	1.480000
4.560000E-5	1.560000
4.570000E-5	1.640000
4.580000E-5	1.640000
4.590000E-5	1.520000
4.600000E-5	1.400000
4.610000E-5	1.200000
4.620000E-5	0.920000
4.630000E-5	0.640000
4.640000E-5	0.360000
4.650000E-5	0.040000
4.660000E-5	-0.280000
4.670000E-5	-0.640000
4.680000E-5	-1.000000
4.690000E-5	-1.360000
4.700000E-5	-1.680000
4.710000E-5	-1.960000
4.720000E-5	-2.120000
4.730000E-5	-2.240000
4.740000E-5	-2.240000
4.750000E-5	-2.200000
4.760000E-5	-2.080000
4.770000E-5	-1.960000
4.780000E-5	-1.720000
4.790000E-5	-1.520000
4.800000E-5	-1.240000
4.810000E-5	-0.920000
4.820000E-5	-0.560000
4.830000E-5	-0.160000
4.840000E-5	0.240000
4.850000E-5	0.600000
4.860000E-5	0.960000
4.870000E-5	1.240000
4.880000E-5	1.480000
4.890000E-5	1.640000
4.900000E-5	1.840000
4.910000E-5	1.960000
4.920000E-5	2.080000
4.930000E-5	2.160000
4.940000E-5	2.200000
4.950000E-5	2.200000
4.960000E-5	2.120000
4.970000E-5	2.080000
4.980000E-5	2.000000
4.990000E-5	1.880000
5.000000E-5	1.800000
5.010000E-5	1.680000
5.020000E-5	1.480000
5.030000E-5	1.200000
5.040000E-5	0.840000
5.050000E-5	0.400000
5.060000E-5	-0.080000
5.070000E-5	-0.600000
5.080000E-5	-1.120000
5.090000E-5	-1.640000
5.100000E-5	-2.120000
5.110000E-5	-2.600000
5.120000E-5	-3.000000
5.130000E-5	-3.400000
5.140000E-5	-3.680000
5.150000E-5	-3.880000
5.160000E-5	-4.000000
5.170000E-5	-4.000000
5.180000E-5	-3.880000
5.190000E-5	-3.640000
5.200000E-5	-3.280000
5.210000E-5	-2.840000
5.220000E-5	-2.200000
5.230000E-5	-1.480000
5.240000E-5	-0.680000
5.250000E-5	0.120000
5.260000E-5	0.920000
5.270000E-5	1.680000
5.280000E-5	2.360000
5.290000E-5	2.960000
5.300000E-5	3.080000
5.310000E-5	3.080000
5.320000E-5	3.080000
5.330000E-5	3.080000
5.340000E-5	3.080000
5.350000E-5	3.080000
5.360000E-5	3.080000
5.370000E-5	3.080000
5.380000E-5	3.080000
5.390000E-5	3.080000
5.400000E-5	2.640000
5.410000E-5	2.120000
5.420000E-5	1.560000
5.430000E-5	1.000000
5.440000E-5	0.400000
5.450000E-5	-0.240000
5.460000E-5	-0.920000
5.470000E-5	-1.520000
5.480000E-5	-2.040000
5.490000E-5	-2.480000
5.500000E-5	-2.840000
5.510000E-5	-3.040000
5.520000E-5	-3.200000
5.530000E-5	-3.320000
5.540000E-5	-3.360000
5.550000E-5	-3.400000
5.560000E-5	-3.400000
5.570000E-5	-3.320000
5.580000E-5	-3.160000
5.590000E-5	-2.960000
5.600000E-5	-2.760000
5.610000E-5	-2.520000
5.620000E-5	-2.320000
5.630000E-5	-2.120000
5.640000E-5	-1.840000
5.650000E-5	-1.440000
5.660000E-5	-0.880000
5.670000E-5	-0.240000
5.680000E-5	0.440000
5.690000E-5	1.000000
5.700000E-5	1.400000
5.710000E-5	1.600000
5.720000E-5	1.720000
5.730000E-5	1.880000
5.740000E-5	2.120000
5.750000E-5	2.440000
5.760000E-5	2.840000
5.770000E-5	3.080000
5.780000E-5	3.080000
5.790000E-5	3.080000
5.800000E-5	3.080000
5.810000E-5	3.000000
5.820000E-5	2.760000
5.830000E-5	2.520000
5.840000E-5	2.320000
5.850000E-5	2.120000
5.860000E-5	1.920000
5.870000E-5	1.640000
5.880000E-5	1.280000
5.890000E-5	0.880000
5.900000E-5	0.360000
5.910000E-5	-0.240000
5.920000E-5	-0.920000
5.930000E-5	-1.600000
5.940000E-5	-2.280000
5.950000E-5	-2.800000
5.960000E-5	-3.120000
5.970000E-5	-3.200000
5.980000E-5	-3.200000
5.990000E-5	-3.080000
6.000000E-5	-3.040000
6.010000E-5	-3.040000
6.020000E-5	-3.080000
6.030000E-5	-3.120000
6.040000E-5	-3.080000
6.050000E-5	-2.920000
6.060000E-5	-2.560000
6.070000E-5	-2.080000
6.080000E-5	-1.520000
6.090000E-5	-1.000000
6.100000E-5	-0.480000
6.110000E-5	0.000000
6.120000E-5	0.600000
6.130000E-5	1.240000
6.140000E-5	1.880000
6.150000E-5	2.480000
6.160000E-5	2.960000
6.170000E-5	3.080000
6.180000E-5	3.040000
6.190000E-5	2.800000
6.200000E-5	2.400000
6.210000E-5	2.040000
6.220000E-5	1.920000
6.230000E-5	2.040000
6.240000E-5	2.400000
6.250000E-5	2.960000
6.260000E-5	3.080000
6.270000E-5	3.080000
6.280000E-5	3.080000
6.290000E-5	3.080000
6.300000E-5	2.720000
6.310000E-5	1.720000
6.320000E-5	0.600000
6.330000E-5	-0.440000
6.340000E-5	-1.280000
6.350000E-5	-1.920000
6.360000E-5	-2.400000
6.370000E-5	-2.800000
6.380000E-5	-3.240000
6.390000E-5	-3.640000
6.400000E-5	-4.040000
6.410000E-5	-4.360000
6.420000E-5	-4.560000
6.430000E-5	-4.680000
6.440000E-5	-4.720000
6.450000E-5	-4.680000
6.460000E-5	-4.600000
6.470000E-5	-4.400000
6.480000E-5	-4.040000
6.490000E-5	-3.400000
6.500000E-5	-2.400000
6.510000E-5	-1.120000
6.520000E-5	0.320000
6.530000E-5	1.760000
6.540000E-5	2.920000
6.550000E-5	3.080000
6.560000E-5	3.080000
6.570000E-5	3.080000
6.580000E-5	3.080000
6.590000E-5	3.080000
6.600000E-5	3.080000
6.610000E-5	3.080000
6.620000E-5	3.080000
6.630000E-5	3.080000
6.640000E-5	3.080000
6.650000E-5	2.560000
6.660000E-5	1.880000
6.670000E-5	1.160000
6.680000E-5	0.400000
6.690000E-5	-0.360000
6.700000E-5	-1.120000
6.710000E-5	-1.880000
6.720000E-5	-2.640000
6.730000E-5	-3.360000
6.740000E-5	-3.920000
6.750000E-5	-4.320000
6.760000E-5	-4.520000
6.770000E-5	-4.400000
6.780000E-5	-3.920000
6.790000E-5	-3.200000
6.800000E-5	-2.200000
6.810000E-5	-1.040000
6.820000E-5	0.120000
6.830000E-5	1.200000
6.840000E-5	2.080000
6.850000E-5	2.720000
6.860000E-5	3.040000
6.870000E-5	3.080000
6.880000E-5	3.080000
6.890000E-5	3.000000
6.900000E-5	2.720000
6.910000E-5	2.280000
6.920000E-5	1.840000
6.930000E-5	1.360000
6.940000E-5	0.880000
6.950000E-5	0.280000
6.960000E-5	-0.360000
6.970000E-5	-1.040000
6.980000E-5	-1.840000
6.990000E-5	-2.680000
7.000000E-5	-3.440000
7.010000E-5	-4.080000
7.020000E-5	-4.520000
7.030000E-5	-4.680000
7.040000E-5	-4.480000
7.050000E-5	-3.880000
7.060000E-5	-3.000000
7.070000E-5	-1.880000
7.080000E-5	-0.600000
7.090000E-5	0.600000
7.100000E-5	1.640000
7.110000E-5	2.560000
7.120000E-5	3.040000
7.130000E-5	3.080000
7.140000E-5	3.080000
7.150000E-5	3.080000
7.160000E-5	3.080000
7.170000E-5	3.080000
7.180000E-5	3.080000
7.190000E-5	3.080000
7.200000E-5	2.680000
7.210000E-5	2.080000
7.220000E-5	1.360000
7.230000E-5	0.520000
7.240000E-5	-0.440000
7.250000E-5	-1.480000
7.260000E-5	-2.480000
7.270000E-5	-3.400000
7.280000E-5	-4.080000
7.290000E-5	-4.520000
7.300000E-5	-4.640000
7.310000E-5	-4.360000
7.320000E-5	-3.840000
7.330000E-5	-3.120000
7.340000E-5	-2.280000
7.350000E-5	-1.360000
7.360000E-5	-0.480000
7.370000E-5	0.280000
7.380000E-5	0.960000
7.390000E-5	1.600000
7.400000E-5	2.200000
7.410000E-5	2.760000
7.420000E-5	3.080000
7.430000E-5	3.080000
7.440000E-5	3.080000
7.450000E-5	3.080000
7.460000E-5	3.080000
7.470000E-5	3.080000
7.480000E-5	3.080000
7.490000E-5	2.480000
7.500000E-5	1.520000
7.510000E-5	0.520000
7.520000E-5	-0.440000
7.530000E-5	-1.320000
7.540000E-5	-2.080000
7.550000E-5	-2.720000
7.560000E-5	-3.120000
7.570000E-5	-3.440000
7.580000E-5	-3.560000
7.590000E-5	-3.520000
7.600000E-5	-3.360000
7.610000E-5	-3.080000
7.620000E-5	-2.680000
7.630000E-5	-2.240000
7.640000E-5	-1.720000
7.650000E-5	-1.160000
7.660000E-5	-0.640000
7.670000E-5	-0.080000
7.680000E-5	0.440000
7.690000E-5	0.960000
7.700000E-5	1.440000
7.710000E-5	1.840000
7.720000E-5	2.080000
7.730000E-5	2.200000
7.740000E-5	2.120000
7.750000E-5	1.840000
7.760000E-5	1.440000
7.770000E-5	0.960000
7.780000E-5	0.440000
7.790000E-5	-0.080000
7.800000E-5	-0.560000
7.810000E-5	-0.920000
7.820000E-5	-1.200000
7.830000E-5	-1.400000
7.840000E-5	-1.480000
7.850000E-5	-1.440000
7.860000E-5	-1.320000
7.870000E-5	-1.080000
7.880000E-5	-0.720000
7.890000E-5	-0.400000
7.900000E-5	0.000000
7.910000E-5	0.400000
7.920000E-5	0.720000
7.930000E-5	1.040000
7.940000E-5	1.320000
7.950000E-5	1.520000
7.960000E-5	1.760000
7.970000E-5	1.920000
7.980000E-5	2.080000
7.990000E-5	2.160000
8.000000E-5	2.160000
8.010000E-5	2.040000
8.020000E-5	1.800000
8.030000E-5	1.520000
8.040000E-5	1.080000
8.050000E-5	0.680000
8.060000E-5	0.280000
8.070000E-5	-0.080000
8.080000E-5	-0.320000
8.090000E-5	-0.560000
8.100000E-5	-0.680000
8.110000E-5	-0.800000
8.120000E-5	-0.920000
8.130000E-5	-1.000000
8.140000E-5	-1.040000
8.150000E-5	-1.000000
8.160000E-5	-1.000000
8.170000E-5	-0.960000
8.180000E-5	-0.880000
8.190000E-5	-0.880000
8.200000E-5	-0.880000
8.210000E-5	-0.880000
8.220000E-5	-0.960000
8.230000E-5	-1.000000
8.240000E-5	-1.040000
8.250000E-5	-1.040000
8.260000E-5	-1.000000
8.270000E-5	-0.960000
8.280000E-5	-0.960000
8.290000E-5	-1.000000
8.300000E-5	-1.120000
8.310000E-5	-1.240000
8.320000E-5	-1.320000
8.330000E-5	-1.360000
8.340000E-5	-1.280000
8.350000E-5	-1.080000
8.360000E-5	-0.840000
8.370000E-5	-0.480000
8.380000E-5	-0.160000
8.390000E-5	0.200000
8.400000E-5	0.560000
8.410000E-5	0.880000
8.420000E-5	1.200000
8.430000E-5	1.520000
8.440000E-5	1.800000
8.450000E-5	2.080000
8.460000E-5	2.320000
8.470000E-5	2.520000
8.480000E-5	2.680000
8.490000E-5	2.800000
8.500000E-5	2.800000
8.510000E-5	2.720000
8.520000E-5	2.560000
8.530000E-5	2.280000
8.540000E-5	1.960000
8.550000E-5	1.560000
8.560000E-5	1.120000
8.570000E-5	0.640000
8.580000E-5	0.120000
8.590000E-5	-0.360000
8.600000E-5	-0.800000
8.610000E-5	-1.200000
8.620000E-5	-1.520000
8.630000E-5	-1.760000
8.640000E-5	-1.920000
8.650000E-5	-2.000000
8.660000E-5	-2.080000
8.670000E-5	-2.160000
8.680000E-5	-2.200000
8.690000E-5	-2.240000
8.700000E-5	-2.200000
8.710000E-5	-2.120000
8.720000E-5	-1.920000
8.730000E-5	-1.720000
8.740000E-5	-1.480000
8.750000E-5	-1.200000
8.760000E-5	-0.960000
8.770000E-5	-0.720000
8.780000E-5	-0.520000
8.790000E-5	-0.360000
8.800000E-5	-0.240000
8.810000E-5	-0.080000
8.820000E-5	0.120000
8.830000E-5	0.360000
8.840000E-5	0.560000
8.850000E-5	0.840000
8.860000E-5	1.080000
8.870000E-5	1.320000
8.880000E-5	1.520000
8.890000E-5	1.720000
8.900000E-5	1.880000
8.910000E-5	2.040000
8.920000E-5	2.240000
8.930000E-5	2.320000
8.940000E-5	2.360000
8.950000E-5	2.320000
8.960000E-5	2.200000
8.970000E-5	2.000000
8.980000E-5	1.760000
8.990000E-5	1.480000
9.000000E-5	1.200000
9.010000E-5	0.920000
9.020000E-5	0.600000
9.030000E-5	0.240000
9.040000E-5	-0.200000
9.050000E-5	-0.640000
9.060000E-5	-1.160000
9.070000E-5	-1.680000
9.080000E-5	-2.080000
9.090000E-5	-2.440000
9.100000E-5	-2.680000
9.110000E-5	-2.840000
9.120000E-5	-2.880000
9.130000E-5	-2.840000
9.140000E-5	-2.760000
9.150000E-5	-2.560000
9.160000E-5	-2.320000
9.170000E-5	-1.960000
9.180000E-5	-1.560000
9.190000E-5	-1.160000
9.200000E-5	-0.720000
9.210000E-5	-0.320000
9.220000E-5	0.040000
9.230000E-5	0.320000
9.240000E-5	0.560000
9.250000E-5	0.840000
9.260000E-5	1.080000
9.270000E-5	1.360000
9.280000E-5	1.640000
9.290000E-5	1.920000
9.300000E-5	2.120000
9.310000E-5	2.240000
9.320000E-5	2.280000
9.330000E-5	2.280000
9.340000E-5	2.200000
9.350000E-5	2.040000
9.360000E-5	1.880000
9.370000E-5	1.640000
9.380000E-5	1.320000
9.390000E-5	1.000000
9.400000E-5	0.600000
9.410000E-5	0.280000
9.420000E-5	-0.040000
9.430000E-5	-0.320000
9.440000E-5	-0.520000
9.450000E-5	-0.720000
9.460000E-5	-0.920000
9.470000E-5	-1.080000
9.480000E-5	-1.280000
9.490000E-5	-1.480000
9.500000E-5	-1.680000
9.510000E-5	-1.840000
9.520000E-5	-1.920000
9.530000E-5	-1.880000
9.540000E-5	-1.760000
9.550000E-5	-1.520000
9.560000E-5	-1.240000
9.570000E-5	-0.960000
9.580000E-5	-0.680000
9.590000E-5	-0.360000
9.600000E-5	-0.120000
9.610000E-5	0.080000
9.620000E-5	0.240000
9.630000E-5	0.400000
9.640000E-5	0.520000
9.650000E-5	0.640000
9.660000E-5	0.760000
9.670000E-5	0.920000
9.680000E-5	1.080000
9.690000E-5	1.200000
9.700000E-5	1.320000
9.710000E-5	1.440000
9.720000E-5	1.480000
9.730000E-5	1.440000
9.740000E-5	1.400000
9.750000E-5	1.360000
9.760000E-5	1.240000
9.770000E-5	1.160000
9.780000E-5	1.000000
9.790000E-5	0.840000
9.800000E-5	0.640000
9.810000E-5	0.400000
9.820000E-5	0.160000
9.830000E-5	-0.040000
9.840000E-5	-0.240000
9.850000E-5	-0.440000
9.860000E-5	-0.640000
9.870000E-5	-0.840000
9.880000E-5	-1.080000
9.890000E-5	-1.320000
9.900000E-5	-1.600000
9.910000E-5	-1.840000
9.920000E-5	-2.040000
9.930000E-5	-2.120000
9.940000E-5	-2.160000
9.950000E-5	-2.080000
9.960000E-5	-1.960000
9.970000E-5	-1.760000
9.980000E-5	-1.560000
9.990000E-5	-1.320000
0.000100	-1.120000
0.000100	-0.880000
0.000100	-0.600000
0.000100	-0.280000
0.000100	0.040000
0.000101	0.400000
0.000101	0.720000
0.000101	1.080000
0.000101	1.400000
0.000101	1.680000
0.000101	1.920000
0.000101	2.160000
0.000101	2.400000
0.000101	2.560000
0.000101	2.680000
0.000102	2.640000
0.000102	2.560000
0.000102	2.360000
0.000102	2.080000
0.000102	1.800000
0.000102	1.480000
0.000102	1.160000
0.000102	0.840000
0.000102	0.520000
0.000102	0.200000
0.000102	-0.160000
0.000103	-0.520000
0.000103	-0.840000
0.000103	-1.160000
0.000103	-1.440000
0.000103	-1.680000
0.000103	-1.800000
0.000103	-1.920000
0.000103	-1.880000
0.000103	-1.840000
0.000104	-1.760000
0.000104	-1.640000
0.000104	-1.480000
0.000104	-1.360000
0.000104	-1.280000
0.000104	-1.200000
0.000104	-1.120000
0.000104	-1.080000
0.000104	-1.000000
0.000104	-0.960000
0.000105	-0.920000
0.000105	-0.840000
0.000105	-0.720000
0.000105	-0.640000
0.000105	-0.480000
0.000105	-0.360000
0.000105	-0.200000
0.000105	-0.080000
0.000105	0.080000
0.000105	0.280000
0.000106	0.480000
0.000106	0.760000
0.000106	1.040000
0.000106	1.400000
0.000106	1.680000
0.000106	2.040000
0.000106	2.320000
0.000106	2.560000
0.000106	2.720000
0.000106	2.760000
0.000107	2.640000
0.000107	2.440000
0.000107	2.160000
0.000107	1.760000
0.000107	1.360000
0.000107	0.920000
0.000107	0.480000
0.000107	0.080000
0.000107	-0.320000
0.000107	-0.680000
0.000108	-1.080000
0.000108	-1.440000
0.000108	-1.800000
0.000108	-2.080000
0.000108	-2.280000
0.000108	-2.360000
0.000108	-2.400000
0.000108	-2.280000
0.000108	-2.120000
0.000108	-1.840000
0.000109	-1.520000
0.000109	-1.120000
0.000109	-0.680000
0.000109	-0.160000
0.000109	0.280000
0.000109	0.720000
0.000109	1.040000
0.000109	1.280000
0.000109	1.400000
0.000109	1.400000
0.000110	1.360000
0.000110	1.320000
0.000110	1.200000
0.000110	1.080000
0.000110	0.880000
0.000110	0.680000
0.000110	0.400000
0.000110	0.120000
0.000110	-0.200000
0.000110	-0.520000
0.000111	-0.800000
0.000111	-1.000000
0.000111	-1.200000
0.000111	-1.320000
0.000111	-1.400000
0.000111	-1.400000
0.000111	-1.360000
0.000111	-1.280000
0.000111	-1.040000
0.000111	-0.760000
0.000111	-0.400000
0.000112	-0.080000
0.000112	0.320000
0.000112	0.640000
0.000112	0.920000
0.000112	1.120000
0.000112	1.240000
0.000112	1.280000
0.000112	1.320000
0.000112	1.280000
0.000113	1.200000
0.000113	1.120000
0.000113	0.960000
0.000113	0.840000
0.000113	0.640000
0.000113	0.480000
0.000113	0.320000
0.000113	0.160000
0.000113	0.000000
0.000113	-0.200000
0.000114	-0.360000
0.000114	-0.520000
0.000114	-0.640000
0.000114	-0.720000
0.000114	-0.800000
0.000114	-0.800000
0.000114	-0.760000
0.000114	-0.640000
0.000114	-0.520000
0.000114	-0.360000
0.000115	-0.200000
0.000115	-0.040000
0.000115	0.080000
0.000115	0.200000
0.000115	0.240000
0.000115	0.240000
0.000115	0.280000
0.000115	0.280000
0.000115	0.280000
0.000115	0.360000
0.000116	0.440000
0.000116	0.520000
0.000116	0.640000
0.000116	0.720000
0.000116	0.760000
0.000116	0.760000
0.000116	0.680000
0.000116	0.560000
0.000116	0.440000
0.000116	0.240000
0.000117	0.080000
0.000117	-0.120000
0.000117	-0.320000
0.000117	-0.520000
0.000117	-0.760000
0.000117	-0.920000
0.000117	-1.120000
0.000117	-1.280000
0.000117	-1.440000
0.000117	-1.520000
0.000118	-1.560000
0.000118	-1.560000
0.000118	-1.520000
0.000118	-1.400000
0.000118	-1.240000
0.000118	-0.960000
0.000118	-0.680000
0.000118	-0.360000
0.000118	0.040000
0.000118	0.400000
0.000119	0.760000
0.000119	1.120000
0.000119	1.400000
0.000119	1.720000
0.000119	1.920000
0.000119	2.080000
0.000119	2.160000
0.000119	2.160000
0.000119	2.080000
0.000119	1.960000
0.000120	1.760000
0.000120	1.520000
0.000120	1.240000
0.000120	0.920000
0.000120	0.560000
0.000120	0.160000
0.000120	-0.240000
0.000120	-0.560000
0.000120	-0.880000
0.000120	-1.080000
0.000121	-1.280000
0.000121	-1.360000
0.000121	-1.400000
0.000121	-1.360000
0.000121	-1.280000
0.000121	-1.200000
0.000121	-1.040000
0.000121	-0.840000
0.000121	-0.640000
0.000121	-0.400000
0.000122	-0.160000
0.000122	0.000000
0.000122	0.160000
0.000122	0.280000
0.000122	0.320000
0.000122	0.280000
0.000122	0.200000
0.000122	0.120000
0.000122	0.080000
0.000122	-0.040000
0.000122	-0.160000
0.000123	-0.320000
0.000123	-0.480000
0.000123	-0.640000
0.000123	-0.800000
0.000123	-0.960000
0.000123	-1.000000
0.000123	-1.000000
0.000123	-0.880000
0.000123	-0.720000
0.000124	-0.440000
0.000124	-0.160000
0.000124	0.080000
0.000124	0.400000
0.000124	0.640000
0.000124	0.920000
0.000124	1.160000
0.000124	1.400000
0.000124	1.600000
0.000124	1.760000
0.000125	1.920000
0.000125	2.000000
0.000125	2.000000
0.000125	2.000000
0.000125	1.880000
0.000125	1.720000
0.000125	1.520000
0.000125	1.200000
0.000125	0.800000
0.000125	0.360000
0.000126	-0.120000
0.000126	-0.600000
0.000126	-1.040000
0.000126	-1.400000
0.000126	-1.680000
0.000126	-1.880000
0.000126	-2.040000
0.000126	-2.120000
0.000126	-2.160000
0.000126	-2.200000
0.000127	-2.160000
0.000127	-2.120000
0.000127	-2.040000
0.000127	-1.880000
0.000127	-1.640000
0.000127	-1.360000
0.000127	-1.000000
0.000127	-0.600000
0.000127	-0.200000
0.000127	0.240000
0.000128	0.600000
0.000128	0.960000
0.000128	1.280000
0.000128	1.520000
0.000128	1.760000
0.000128	1.920000
0.000128	2.000000
0.000128	2.080000
0.000128	2.080000
0.000128	2.040000
0.000129	1.920000
0.000129	1.800000
0.000129	1.680000
0.000129	1.480000
0.000129	1.320000
0.000129	1.080000
0.000129	0.840000
0.000129	0.560000
0.000129	0.240000
0.000129	-0.120000
0.000130	-0.440000
0.000130	-0.680000
0.000130	-0.960000
0.000130	-1.160000
0.000130	-1.320000
0.000130	-1.440000
0.000130	-1.560000
0.000130	-1.640000
0.000130	-1.680000
0.000130	-1.680000
0.000131	-1.640000
0.000131	-1.560000
0.000131	-1.400000
0.000131	-1.240000
0.000131	-1.080000
0.000131	-0.920000
0.000131	-0.720000
0.000131	-0.600000
0.000131	-0.400000
0.000131	-0.240000
0.000131	-0.080000
0.000132	0.080000
0.000132	0.320000
0.000132	0.520000
0.000132	0.680000
0.000132	0.840000
0.000132	0.960000
0.000132	1.040000
0.000132	1.160000
0.000132	1.200000
0.000133	1.280000
0.000133	1.280000
0.000133	1.320000
0.000133	1.280000
0.000133	1.200000
0.000133	1.080000
0.000133	0.960000
0.000133	0.840000
0.000133	0.720000
0.000133	0.600000
0.000134	0.440000
0.000134	0.280000
0.000134	0.160000
0.000134	-0.040000
0.000134	-0.200000
0.000134	-0.360000
0.000134	-0.560000
0.000134	-0.680000
0.000134	-0.800000
0.000134	-0.880000
0.000135	-0.880000
0.000135	-0.920000
0.000135	-0.880000
0.000135	-0.840000
0.000135	-0.800000
0.000135	-0.720000
0.000135	-0.640000
0.000135	-0.560000
0.000135	-0.480000
0.000135	-0.400000
0.000136	-0.320000
0.000136	-0.240000
0.000136	-0.200000
0.000136	-0.120000
0.000136	-0.080000
0.000136	0.000000
0.000136	0.080000
0.000136	0.160000
0.000136	0.280000
0.000136	0.400000
0.000137	0.520000
0.000137	0.600000
0.000137	0.680000
0.000137	0.760000
0.000137	0.800000
0.000137	0.840000
0.000137	0.840000
0.000137	0.880000
0.000137	0.920000
0.000137	0.920000
0.000138	0.920000
0.000138	0.840000
0.000138	0.760000
0.000138	0.600000
0.000138	0.440000
0.000138	0.240000
0.000138	0.000000
0.000138	-0.240000
0.000138	-0.480000
0.000138	-0.760000
0.000139	-1.000000
0.000139	-1.240000
0.000139	-1.440000
0.000139	-1.600000
0.000139	-1.680000
0.000139	-1.760000
0.000139	-1.720000
0.000139	-1.600000
0.000139	-1.480000
0.000139	-1.240000
0.000140	-1.040000
0.000140	-0.800000
0.000140	-0.520000
0.000140	-0.280000
0.000140	0.000000
0.000140	0.280000
0.000140	0.560000
0.000140	0.800000
0.000140	1.080000
0.000140	1.280000
0.000140	1.520000
0.000141	1.640000
0.000141	1.720000
0.000141	1.720000
0.000141	1.680000
0.000141	1.600000
0.000141	1.520000
0.000141	1.440000
0.000141	1.320000
0.000141	1.240000
0.000142	1.080000
0.000142	0.840000
0.000142	0.600000
0.000142	0.360000
0.000142	0.120000
0.000142	-0.080000
0.000142	-0.160000
0.000142	-0.280000
0.000142	-0.360000
0.000142	-0.480000
0.000143	-0.640000
0.000143	-0.840000
0.000143	-1.040000
0.000143	-1.200000
0.000143	-1.360000
0.000143	-1.400000
0.000143	-1.400000
0.000143	-1.320000
0.000143	-1.200000
0.000143	-1.120000
0.000144	-1.040000
0.000144	-1.000000
0.000144	-1.000000
0.000144	-0.960000
0.000144	-0.920000
0.000144	-0.840000
0.000144	-0.680000
0.000144	-0.480000
0.000144	-0.200000
0.000144	0.040000
0.000145	0.240000
0.000145	0.440000
0.000145	0.560000
0.000145	0.720000
0.000145	0.840000
0.000145	1.000000
0.000145	1.120000
0.000145	1.280000
0.000145	1.360000
0.000145	1.360000
0.000146	1.320000
0.000146	1.240000
0.000146	1.080000
0.000146	0.920000
0.000146	0.760000
0.000146	0.560000
0.000146	0.400000
0.000146	0.240000
0.000146	0.080000
0.000146	-0.080000
0.000147	-0.240000
0.000147	-0.400000
0.000147	-0.520000
0.000147	-0.600000
0.000147	-0.600000
0.000147	-0.560000
0.000147	-0.480000
0.000147	-0.400000
0.000147	-0.280000
0.000147	-0.160000
0.000148	-0.040000
0.000148	0.160000
0.000148	0.320000
0.000148	0.480000
0.000148	0.600000
0.000148	0.600000
0.000148	0.560000
0.000148	0.440000
0.000148	0.240000
0.000148	0.040000
0.000149	-0.160000
0.000149	-0.320000
0.000149	-0.480000
0.000149	-0.600000
0.000149	-0.720000
0.000149	-0.840000
0.000149	-0.960000
0.000149	-1.040000
0.000149	-1.080000
0.000149	-1.120000
0.000150	-1.080000
0.000150	-1.000000
0.000150	-0.880000
0.000150	-0.680000
0.000150	-0.480000
0.000150	-0.240000
0.000150	0.040000
0.000150	0.360000
0.000150	0.640000
0.000150	0.880000
0.000151	1.080000
0.000151	1.200000
0.000151	1.280000
0.000151	1.280000
0.000151	1.240000
0.000151	1.160000
0.000151	1.080000
0.000151	0.920000
0.000151	0.800000
0.000151	0.640000
0.000151	0.480000
0.000152	0.320000
0.000152	0.160000
0.000152	-0.040000
0.000152	-0.200000
0.000152	-0.360000
0.000152	-0.480000
0.000152	-0.600000
0.000152	-0.640000
0.000152	-0.640000
0.000153	-0.640000
0.000153	-0.600000
0.000153	-0.560000
0.000153	-0.520000
0.000153	-0.480000
0.000153	-0.400000
0.000153	-0.320000
0.000153	-0.280000
0.000153	-0.160000
0.000153	-0.040000
0.000154	0.080000
0.000154	0.200000
0.000154	0.280000
0.000154	0.360000
0.000154	0.400000
0.000154	0.480000
0.000154	0.520000
0.000154	0.520000
0.000154	0.520000
0.000154	0.480000
0.000155	0.440000
0.000155	0.360000
0.000155	0.280000
0.000155	0.240000
0.000155	0.200000
0.000155	0.160000
0.000155	0.080000
0.000155	-0.040000
0.000155	-0.240000
0.000155	-0.480000
0.000156	-0.720000
0.000156	-0.960000
0.000156	-1.200000
0.000156	-1.320000
0.000156	-1.360000
0.000156	-1.280000
0.000156	-1.120000
0.000156	-0.920000
0.000156	-0.640000
0.000156	-0.360000
0.000157	-0.080000
0.000157	0.200000
0.000157	0.440000
0.000157	0.680000
0.000157	0.960000
0.000157	1.200000
0.000157	1.440000
0.000157	1.640000
0.000157	1.840000
0.000157	1.960000
0.000158	1.960000
0.000158	1.880000
0.000158	1.720000
0.000158	1.440000
0.000158	1.040000
0.000158	0.560000
0.000158	0.040000
0.000158	-0.480000
0.000158	-1.000000
0.000158	-1.480000
0.000159	-1.840000
0.000159	-2.080000
0.000159	-2.240000
0.000159	-2.280000
0.000159	-2.240000
0.000159	-2.120000
0.000159	-1.920000
0.000159	-1.680000
0.000159	-1.360000
0.000159	-0.960000
0.000160	-0.560000
0.000160	-0.080000
0.000160	0.440000
0.000160	0.960000
0.000160	1.480000
0.000160	1.920000
0.000160	2.280000
0.000160	2.520000
0.000160	2.640000
0.000160	2.600000
0.000160	2.400000
0.000161	2.120000
0.000161	1.680000
0.000161	1.200000
0.000161	0.680000
0.000161	0.120000
0.000161	-0.400000
0.000161	-0.880000
0.000161	-1.320000
0.000161	-1.720000
0.000162	-2.040000
0.000162	-2.320000
0.000162	-2.440000
0.000162	-2.480000
0.000162	-2.440000
0.000162	-2.240000
0.000162	-1.960000
0.000162	-1.600000
0.000162	-1.120000
0.000162	-0.600000
0.000163	-0.040000
0.000163	0.520000
0.000163	1.080000
0.000163	1.560000
0.000163	2.000000
0.000163	2.280000
0.000163	2.480000
0.000163	2.560000
0.000163	2.480000
0.000163	2.320000
0.000164	2.080000
0.000164	1.760000
0.000164	1.400000
0.000164	0.960000
0.000164	0.520000
0.000164	0.040000
0.000164	-0.400000
0.000164	-0.800000
0.000164	-1.160000
0.000164	-1.440000
0.000165	-1.680000
0.000165	-1.800000
0.000165	-1.880000
0.000165	-1.840000
0.000165	-1.720000
0.000165	-1.520000
0.000165	-1.280000
0.000165	-1.000000
0.000165	-0.640000
0.000165	-0.320000
0.000166	-0.040000
0.000166	0.240000
0.000166	0.480000
0.000166	0.680000
0.000166	0.760000
0.000166	0.840000
0.000166	0.800000
0.000166	0.720000
0.000166	0.640000
0.000166	0.520000
0.000167	0.360000
0.000167	0.240000
0.000167	0.080000
0.000167	-0.080000
0.000167	-0.200000
0.000167	-0.320000
0.000167	-0.400000
0.000167	-0.440000
0.000167	-0.440000
0.000167	-0.480000
0.000168	-0.400000
0.000168	-0.360000
0.000168	-0.240000
0.000168	-0.120000
0.000168	0.040000
0.000168	0.160000
0.000168	0.320000
0.000168	0.440000
0.000168	0.560000
0.000168	0.640000
0.000169	0.760000
0.000169	0.840000
0.000169	0.880000
0.000169	0.920000
0.000169	0.920000
0.000169	0.920000
0.000169	0.840000
0.000169	0.840000
0.000169	0.760000
0.000169	0.680000
0.000169	0.600000
0.000170	0.480000
0.000170	0.360000
0.000170	0.200000
0.000170	0.040000
0.000170	-0.120000
0.000170	-0.280000
0.000170	-0.480000
0.000170	-0.640000
0.000170	-0.840000
0.000171	-1.040000
0.000171	-1.160000
0.000171	-1.320000
0.000171	-1.360000
0.000171	-1.400000
0.000171	-1.360000
0.000171	-1.320000
0.000171	-1.200000
0.000171	-1.080000
0.000171	-0.920000
0.000171	-0.760000
0.000172	-0.560000
0.000172	-0.360000
0.000172	-0.120000
0.000172	0.120000
0.000172	0.400000
0.000172	0.640000
0.000172	0.880000
0.000172	1.080000
0.000172	1.240000
0.000173	1.320000
0.000173	1.400000
0.000173	1.400000
0.000173	1.320000
0.000173	1.200000
0.000173	1.000000
0.000173	0.760000
0.000173	0.480000
0.000173	0.160000
0.000173	-0.120000
0.000174	-0.360000
0.000174	-0.560000
0.000174	-0.720000
0.000174	-0.840000
0.000174	-0.920000
0.000174	-0.920000
0.000174	-0.920000
0.000174	-0.840000
0.000174	-0.720000
0.000174	-0.600000
0.000175	-0.400000
0.000175	-0.160000
0.000175	0.080000
0.000175	0.320000
0.000175	0.600000
0.000175	0.840000
0.000175	1.040000
0.000175	1.200000
0.000175	1.320000
0.000175	1.360000
0.000176	1.280000
0.000176	1.160000
0.000176	1.000000
0.000176	0.760000
0.000176	0.480000
0.000176	0.200000
0.000176	-0.120000
0.000176	-0.400000
0.000176	-0.640000
0.000176	-0.840000
0.000177	-1.000000
0.000177	-1.080000
0.000177	-1.120000
0.000177	-1.120000
0.000177	-1.040000
0.000177	-0.960000
0.000177	-0.880000
0.000177	-0.800000
0.000177	-0.680000
0.000177	-0.520000
0.000178	-0.360000
0.000178	-0.200000
0.000178	0.000000
0.000178	0.120000
0.000178	0.280000
0.000178	0.400000
0.000178	0.440000
0.000178	0.440000
0.000178	0.400000
0.000178	0.320000
0.000179	0.200000
0.000179	0.040000
0.000179	-0.080000
0.000179	-0.200000
0.000179	-0.240000
0.000179	-0.200000
0.000179	-0.160000
0.000179	-0.040000
0.000179	0.080000
0.000179	0.200000
0.000180	0.320000
0.000180	0.440000
0.000180	0.560000
0.000180	0.640000
0.000180	0.760000
0.000180	0.840000
0.000180	0.880000
0.000180	0.920000
0.000180	0.960000
0.000180	0.920000
0.000180	0.880000
0.000181	0.760000
0.000181	0.640000
0.000181	0.440000
0.000181	0.200000
0.000181	-0.040000
0.000181	-0.280000
0.000181	-0.560000
0.000181	-0.760000
0.000181	-0.960000
0.000182	-1.080000
0.000182	-1.160000
0.000182	-1.160000
0.000182	-1.120000
0.000182	-1.040000
0.000182	-0.920000
0.000182	-0.760000
0.000182	-0.560000
0.000182	-0.400000
0.000182	-0.160000
0.000183	0.000000
0.000183	0.200000
0.000183	0.400000
0.000183	0.520000
0.000183	0.640000
0.000183	0.720000
0.000183	0.720000
0.000183	0.680000
0.000183	0.600000
0.000183	0.480000
0.000184	0.360000
0.000184	0.200000
0.000184	0.080000
0.000184	-0.040000
0.000184	-0.120000
0.000184	-0.240000
0.000184	-0.320000
0.000184	-0.360000
0.000184	-0.440000
0.000184	-0.440000
0.000185	-0.440000
0.000185	-0.360000
0.000185	-0.280000
0.000185	-0.160000
0.000185	0.000000
0.000185	0.160000
0.000185	0.320000
0.000185	0.400000
0.000185	0.480000
0.000185	0.520000
0.000186	0.520000
0.000186	0.480000
0.000186	0.440000
0.000186	0.400000
0.000186	0.320000
0.000186	0.240000
0.000186	0.200000
0.000186	0.080000
0.000186	0.000000
0.000186	-0.080000
0.000187	-0.160000
0.000187	-0.200000
0.000187	-0.240000
0.000187	-0.240000
0.000187	-0.200000
0.000187	-0.160000
0.000187	-0.120000
0.000187	-0.080000
0.000187	-0.040000
0.000187	0.040000
0.000188	0.120000
0.000188	0.200000
0.000188	0.240000
0.000188	0.280000
0.000188	0.240000
0.000188	0.200000
0.000188	0.080000
0.000188	-0.040000
0.000188	-0.120000
0.000188	-0.240000
0.000189	-0.320000
0.000189	-0.400000
0.000189	-0.440000
0.000189	-0.440000
0.000189	-0.480000
0.000189	-0.440000
0.000189	-0.400000
0.000189	-0.360000
0.000189	-0.280000
0.000189	-0.240000
0.000189	-0.160000
0.000190	-0.080000
0.000190	0.040000
0.000190	0.160000
0.000190	0.280000
0.000190	0.400000
0.000190	0.480000
0.000190	0.520000
0.000190	0.520000
0.000190	0.520000
0.000191	0.440000
0.000191	0.400000
0.000191	0.320000
0.000191	0.280000
0.000191	0.240000
0.000191	0.200000
0.000191	0.160000
0.000191	0.080000
0.000191	0.040000
0.000191	0.000000
0.000191	0.000000
0.000192	-0.040000
0.000192	0.000000
0.000192	0.040000
0.000192	0.080000
0.000192	0.120000
0.000192	0.200000
0.000192	0.240000
0.000192	0.240000
0.000192	0.240000
0.000193	0.280000
0.000193	0.240000
0.000193	0.160000
0.000193	0.120000
0.000193	0.000000
0.000193	-0.120000
0.000193	-0.240000
0.000193	-0.400000
0.000193	-0.560000
0.000193	-0.680000
0.000194	-0.800000
0.000194	-0.880000
0.000194	-0.920000
0.000194	-0.960000
0.000194	-0.920000
0.000194	-0.880000
0.000194	-0.800000
0.000194	-0.720000
0.000194	-0.560000
0.000194	-0.400000
0.000195	-0.200000
0.000195	0.000000
0.000195	0.200000
0.000195	0.440000
0.000195	0.680000
0.000195	0.880000
0.000195	1.040000
0.000195	1.200000
0.000195	1.360000
0.000195	1.400000
0.000196	1.400000
0.000196	1.360000
0.000196	1.240000
0.000196	1.080000
0.000196	0.840000
0.000196	0.600000
0.000196	0.360000
0.000196	0.080000
0.000196	-0.160000
0.000196	-0.400000
0.000197	-0.560000
0.000197	-0.720000
0.000197	-0.840000
0.000197	-0.920000
0.000197	-0.960000
0.000197	-0.960000
0.000197	-0.960000
0.000197	-0.880000
0.000197	-0.800000
0.000197	-0.680000
0.000198	-0.520000
0.000198	-0.360000
0.000198	-0.120000
0.000198	0.080000
0.000198	0.240000
0.000198	0.400000
0.000198	0.520000
0.000198	0.600000
0.000198	0.640000
0.000198	0.600000
0.000199	0.560000
0.000199	0.480000
0.000199	0.400000
0.000199	0.320000
0.000199	0.200000
0.000199	0.120000
0.000199	0.040000
0.000199	-0.040000
0.000199	-0.080000
0.000199	-0.120000
0.000200	-0.160000
0.000200	-0.200000
0.000200	-0.200000
0.000200	-0.240000
0.000200	-0.240000
0.000200	-0.200000
0.000200	-0.200000
0.000200	-0.160000
0.000200	-0.120000
0.000200	-0.080000
0.000200	0.000000
0.000201	0.080000
0.000201	0.160000
0.000201	0.200000
0.000201	0.200000
0.000201	0.200000
0.000201	0.160000
0.000201	0.160000
0.000201	0.120000
0.000201	0.120000
0.000202	0.120000
0.000202	0.080000
0.000202	0.080000
0.000202	0.000000
0.000202	-0.040000
0.000202	-0.080000
0.000202	-0.120000
0.000202	-0.120000
0.000202	-0.120000
0.000202	-0.080000
0.000203	-0.080000
0.000203	-0.080000
0.000203	-0.080000
0.000203	-0.120000
0.000203	-0.160000
0.000203	-0.200000
0.000203	-0.200000
0.000203	-0.200000
0.000203	-0.200000
0.000203	-0.120000
0.000204	-0.080000
0.000204	-0.040000
0.000204	0.040000
0.000204	0.160000
0.000204	0.240000
0.000204	0.320000
0.000204	0.400000
0.000204	0.440000
0.000204	0.440000
0.000204	0.440000
0.000205	0.360000
0.000205	0.320000
0.000205	0.280000
0.000205	0.280000
0.000205	0.280000
0.000205	0.280000
0.000205	0.280000
0.000205	0.200000
0.000205	0.160000
0.000205	0.040000
0.000206	-0.080000
0.000206	-0.200000
0.000206	-0.320000
0.000206	-0.440000
0.000206	-0.520000
0.000206	-0.640000
0.000206	-0.680000
0.000206	-0.760000
0.000206	-0.760000
0.000206	-0.760000
0.000207	-0.680000
0.000207	-0.600000
0.000207	-0.480000
0.000207	-0.320000
0.000207	-0.120000
0.000207	0.040000
0.000207	0.240000
0.000207	0.400000
0.000207	0.600000
0.000207	0.760000
0.000208	0.880000
0.000208	1.000000
0.000208	1.080000
0.000208	1.080000
0.000208	1.080000
0.000208	1.040000
0.000208	1.000000
0.000208	0.920000
0.000208	0.800000
0.000208	0.640000
0.000209	0.440000
0.000209	0.200000
0.000209	-0.040000
0.000209	-0.240000
0.000209	-0.480000
0.000209	-0.720000
0.000209	-0.920000
0.000209	-1.080000
0.000209	-1.160000
0.000209	-1.240000
0.000209	-1.280000
0.000210	-1.240000
0.000210	-1.160000
0.000210	-1.040000
0.000210	-0.840000
0.000210	-0.680000
0.000210	-0.520000
0.000210	-0.320000
0.000210	-0.160000
0.000210	0.000000
0.000211	0.200000
0.000211	0.360000
0.000211	0.560000
0.000211	0.720000
0.000211	0.840000
0.000211	0.960000
0.000211	1.040000
0.000211	1.040000
0.000211	1.000000
0.000211	0.960000
0.000212	0.840000
0.000212	0.720000
0.000212	0.560000
0.000212	0.400000
0.000212	0.240000
0.000212	0.080000
0.000212	-0.040000
0.000212	-0.160000
0.000212	-0.280000
0.000212	-0.320000
0.000213	-0.360000
0.000213	-0.400000
0.000213	-0.400000
0.000213	-0.400000
0.000213	-0.400000
0.000213	-0.360000
0.000213	-0.320000
0.000213	-0.240000
0.000213	-0.160000
0.000213	-0.080000
0.000214	0.040000
0.000214	0.120000
0.000214	0.240000
0.000214	0.320000
0.000214	0.320000
0.000214	0.320000
0.000214	0.280000
0.000214	0.240000
0.000214	0.200000
0.000214	0.120000
0.000215	0.040000
0.000215	-0.040000
0.000215	-0.080000
0.000215	-0.120000
0.000215	-0.200000
0.000215	-0.200000
0.000215	-0.240000
0.000215	-0.240000
0.000215	-0.240000
0.000215	-0.240000
0.000216	-0.240000
0.000216	-0.200000
0.000216	-0.200000
0.000216	-0.200000
0.000216	-0.160000
0.000216	-0.160000
0.000216	-0.160000
0.000216	-0.160000
0.000216	-0.120000
0.000216	-0.120000
0.000217	-0.080000
0.000217	-0.040000
0.000217	0.000000
0.000217	0.040000
0.000217	0.040000
0.000217	0.080000
0.000217	0.120000
0.000217	0.160000
0.000217	0.240000
0.000217	0.280000
0.000218	0.320000
0.000218	0.400000
0.000218	0.400000
0.000218	0.440000
0.000218	0.440000
0.000218	0.480000
0.000218	0.480000
0.000218	0.480000
0.000218	0.480000
0.000218	0.400000
0.000218	0.360000
0.000219	0.240000
0.000219	0.160000
0.000219	0.040000
0.000219	-0.080000
0.000219	-0.160000
0.000219	-0.240000
0.000219	-0.280000
0.000219	-0.320000
0.000219	-0.360000
0.000220	-0.400000
0.000220	-0.400000
0.000220	-0.440000
0.000220	-0.440000
0.000220	-0.400000
0.000220	-0.360000
0.000220	-0.280000
0.000220	-0.200000
0.000220	-0.080000
0.000220	0.040000
0.000221	0.120000
0.000221	0.200000
0.000221	0.240000
0.000221	0.280000
0.000221	0.280000
0.000221	0.320000
0.000221	0.320000
0.000221	0.320000
0.000221	0.320000
0.000221	0.280000
0.000222	0.240000
0.000222	0.160000
0.000222	0.040000
0.000222	-0.040000
0.000222	-0.160000
0.000222	-0.280000
0.000222	-0.400000
0.000222	-0.520000
0.000222	-0.600000
0.000222	-0.640000
0.000223	-0.640000
0.000223	-0.680000
0.000223	-0.640000
0.000223	-0.560000
0.000223	-0.440000
0.000223	-0.320000
0.000223	-0.200000
0.000223	-0.040000
0.000223	0.080000
0.000223	0.240000
0.000224	0.400000
0.000224	0.560000
0.000224	0.720000
0.000224	0.840000
0.000224	0.960000
0.000224	1.000000
0.000224	1.040000
0.000224	1.040000
0.000224	0.960000
0.000224	0.880000
0.000225	0.760000
0.000225	0.600000
0.000225	0.480000
0.000225	0.320000
0.000225	0.160000

