LabVIEW Measurement	
Writer_Version	2
Reader_Version	2
Separator	Tab
Multi_Headings	Yes
X_Columns	No
Time_Pref	Absolute
Operator	petrophysics
Date	2016/10/20
Time	11:17:49.491844
***End_of_Header***	
	
Channels	1	
Samples	2500	
Date	1903/12/31	
Time	18:00:00	
Y_Unit_Label	Voltage (V)	
X_Dimension	Time (s)	
X0	-2.4999999999999957E-5	
Delta_X	1.000000E-7	
***End_of_Header***		
X_Value	step4.2_vs1_a1875_r1500_p750_1 - TDS 2014C(CH3)	Comment
-2.500000E-5	0.016000
-2.490000E-5	0.008000
-2.480000E-5	0.008000
-2.470000E-5	0.024000
-2.460000E-5	0.016000
-2.450000E-5	0.008000
-2.440000E-5	0.008000
-2.430000E-5	0.008000
-2.420000E-5	0.016000
-2.410000E-5	0.008000
-2.400000E-5	0.016000
-2.390000E-5	0.008000
-2.380000E-5	0.008000
-2.370000E-5	0.008000
-2.360000E-5	0.016000
-2.350000E-5	0.024000
-2.340000E-5	0.008000
-2.330000E-5	0.008000
-2.320000E-5	0.016000
-2.310000E-5	0.024000
-2.300000E-5	0.008000
-2.290000E-5	0.008000
-2.280000E-5	0.016000
-2.270000E-5	0.008000
-2.260000E-5	0.008000
-2.250000E-5	0.016000
-2.240000E-5	0.000000
-2.230000E-5	0.016000
-2.220000E-5	0.008000
-2.210000E-5	0.016000
-2.200000E-5	0.016000
-2.190000E-5	0.016000
-2.180000E-5	0.008000
-2.170000E-5	0.008000
-2.160000E-5	0.008000
-2.150000E-5	0.016000
-2.140000E-5	0.000000
-2.130000E-5	0.016000
-2.120000E-5	0.024000
-2.110000E-5	0.008000
-2.100000E-5	0.008000
-2.090000E-5	0.024000
-2.080000E-5	0.016000
-2.070000E-5	0.008000
-2.060000E-5	0.016000
-2.050000E-5	0.008000
-2.040000E-5	0.008000
-2.030000E-5	0.000000
-2.020000E-5	0.008000
-2.010000E-5	0.008000
-2.000000E-5	0.008000
-1.990000E-5	0.000000
-1.980000E-5	0.008000
-1.970000E-5	0.000000
-1.960000E-5	0.016000
-1.950000E-5	0.008000
-1.940000E-5	0.008000
-1.930000E-5	0.016000
-1.920000E-5	0.016000
-1.910000E-5	0.000000
-1.900000E-5	0.016000
-1.890000E-5	0.008000
-1.880000E-5	0.016000
-1.870000E-5	0.008000
-1.860000E-5	0.008000
-1.850000E-5	0.008000
-1.840000E-5	0.008000
-1.830000E-5	0.008000
-1.820000E-5	0.024000
-1.810000E-5	0.008000
-1.800000E-5	0.000000
-1.790000E-5	0.016000
-1.780000E-5	0.016000
-1.770000E-5	0.008000
-1.760000E-5	0.008000
-1.750000E-5	0.008000
-1.740000E-5	0.016000
-1.730000E-5	0.016000
-1.720000E-5	0.000000
-1.710000E-5	0.008000
-1.700000E-5	0.008000
-1.690000E-5	0.024000
-1.680000E-5	0.008000
-1.670000E-5	0.000000
-1.660000E-5	0.016000
-1.650000E-5	0.008000
-1.640000E-5	0.008000
-1.630000E-5	0.008000
-1.620000E-5	0.016000
-1.610000E-5	0.016000
-1.600000E-5	0.008000
-1.590000E-5	0.000000
-1.580000E-5	0.008000
-1.570000E-5	0.000000
-1.560000E-5	0.016000
-1.550000E-5	0.008000
-1.540000E-5	0.008000
-1.530000E-5	0.000000
-1.520000E-5	0.016000
-1.510000E-5	0.008000
-1.500000E-5	0.008000
-1.490000E-5	0.016000
-1.480000E-5	0.008000
-1.470000E-5	0.008000
-1.460000E-5	0.016000
-1.450000E-5	0.016000
-1.440000E-5	0.000000
-1.430000E-5	0.024000
-1.420000E-5	0.008000
-1.410000E-5	0.016000
-1.400000E-5	0.008000
-1.390000E-5	0.008000
-1.380000E-5	0.016000
-1.370000E-5	0.016000
-1.360000E-5	0.016000
-1.350000E-5	0.008000
-1.340000E-5	0.008000
-1.330000E-5	0.008000
-1.320000E-5	0.008000
-1.310000E-5	0.008000
-1.300000E-5	0.008000
-1.290000E-5	0.008000
-1.280000E-5	0.008000
-1.270000E-5	-0.008000
-1.260000E-5	0.008000
-1.250000E-5	0.016000
-1.240000E-5	0.008000
-1.230000E-5	0.016000
-1.220000E-5	0.008000
-1.210000E-5	0.008000
-1.200000E-5	0.008000
-1.190000E-5	0.008000
-1.180000E-5	0.008000
-1.170000E-5	0.008000
-1.160000E-5	0.016000
-1.150000E-5	0.008000
-1.140000E-5	0.024000
-1.130000E-5	0.000000
-1.120000E-5	0.008000
-1.110000E-5	0.000000
-1.100000E-5	0.008000
-1.090000E-5	0.008000
-1.080000E-5	0.000000
-1.070000E-5	0.008000
-1.060000E-5	0.024000
-1.050000E-5	0.008000
-1.040000E-5	0.016000
-1.030000E-5	0.016000
-1.020000E-5	0.008000
-1.010000E-5	0.008000
-1.000000E-5	0.016000
-9.900000E-6	0.000000
-9.800000E-6	0.000000
-9.700000E-6	0.016000
-9.600000E-6	0.008000
-9.500000E-6	0.008000
-9.400000E-6	0.008000
-9.300000E-6	0.016000
-9.200000E-6	0.008000
-9.100000E-6	0.008000
-9.000000E-6	0.000000
-8.900000E-6	0.008000
-8.800000E-6	0.000000
-8.700000E-6	0.008000
-8.600000E-6	0.016000
-8.500000E-6	0.024000
-8.400000E-6	0.008000
-8.300000E-6	0.008000
-8.200000E-6	0.016000
-8.100000E-6	0.008000
-8.000000E-6	0.008000
-7.900000E-6	0.008000
-7.800000E-6	0.008000
-7.700000E-6	0.016000
-7.600000E-6	0.016000
-7.500000E-6	0.000000
-7.400000E-6	0.008000
-7.300000E-6	0.000000
-7.200000E-6	0.016000
-7.100000E-6	0.024000
-7.000000E-6	0.016000
-6.900000E-6	0.008000
-6.800000E-6	0.008000
-6.700000E-6	0.000000
-6.600000E-6	0.008000
-6.500000E-6	0.016000
-6.400000E-6	0.008000
-6.300000E-6	0.000000
-6.200000E-6	0.016000
-6.100000E-6	0.008000
-6.000000E-6	0.000000
-5.900000E-6	0.008000
-5.800000E-6	0.008000
-5.700000E-6	0.016000
-5.600000E-6	0.016000
-5.500000E-6	0.008000
-5.400000E-6	0.008000
-5.300000E-6	0.016000
-5.200000E-6	0.008000
-5.100000E-6	0.000000
-5.000000E-6	0.016000
-4.900000E-6	0.016000
-4.800000E-6	0.000000
-4.700000E-6	0.008000
-4.600000E-6	0.008000
-4.500000E-6	0.000000
-4.400000E-6	0.016000
-4.300000E-6	0.008000
-4.200000E-6	0.008000
-4.100000E-6	0.008000
-4.000000E-6	0.016000
-3.900000E-6	0.008000
-3.800000E-6	0.024000
-3.700000E-6	0.008000
-3.600000E-6	0.016000
-3.500000E-6	0.008000
-3.400000E-6	0.024000
-3.300000E-6	0.016000
-3.200000E-6	0.000000
-3.100000E-6	0.024000
-3.000000E-6	0.000000
-2.900000E-6	0.000000
-2.800000E-6	0.000000
-2.700000E-6	0.016000
-2.600000E-6	0.008000
-2.500000E-6	0.008000
-2.400000E-6	0.008000
-2.300000E-6	0.000000
-2.200000E-6	0.016000
-2.100000E-6	0.008000
-2.000000E-6	0.024000
-1.900000E-6	0.016000
-1.800000E-6	0.008000
-1.700000E-6	0.016000
-1.600000E-6	0.008000
-1.500000E-6	0.008000
-1.400000E-6	0.008000
-1.300000E-6	0.000000
-1.200000E-6	0.008000
-1.100000E-6	0.000000
-1.000000E-6	0.008000
-9.000000E-7	0.008000
-8.000000E-7	0.008000
-7.000000E-7	0.016000
-6.000000E-7	0.016000
-5.000000E-7	0.016000
-4.000000E-7	0.016000
-3.000000E-7	0.016000
-2.000000E-7	0.008000
-1.000000E-7	0.008000
0.000000	0.008000
1.000000E-7	0.008000
2.000000E-7	0.008000
3.000000E-7	0.016000
4.000000E-7	0.024000
5.000000E-7	0.000000
6.000000E-7	0.040000
7.000000E-7	0.104000
8.000000E-7	0.000000
9.000000E-7	0.024000
1.000000E-6	0.008000
1.100000E-6	0.032000
1.200000E-6	0.000000
1.300000E-6	0.000000
1.400000E-6	0.024000
1.500000E-6	0.008000
1.600000E-6	0.008000
1.700000E-6	0.016000
1.800000E-6	0.008000
1.900000E-6	0.016000
2.000000E-6	0.016000
2.100000E-6	0.016000
2.200000E-6	0.008000
2.300000E-6	0.008000
2.400000E-6	0.008000
2.500000E-6	0.008000
2.600000E-6	0.016000
2.700000E-6	0.016000
2.800000E-6	0.008000
2.900000E-6	0.008000
3.000000E-6	0.008000
3.100000E-6	0.008000
3.200000E-6	0.016000
3.300000E-6	0.008000
3.400000E-6	0.016000
3.500000E-6	0.016000
3.600000E-6	0.016000
3.700000E-6	0.008000
3.800000E-6	0.016000
3.900000E-6	0.024000
4.000000E-6	0.008000
4.100000E-6	0.008000
4.200000E-6	0.008000
4.300000E-6	0.016000
4.400000E-6	0.024000
4.500000E-6	0.000000
4.600000E-6	0.008000
4.700000E-6	0.008000
4.800000E-6	0.000000
4.900000E-6	0.016000
5.000000E-6	0.000000
5.100000E-6	0.024000
5.200000E-6	0.000000
5.300000E-6	0.016000
5.400000E-6	0.024000
5.500000E-6	0.024000
5.600000E-6	0.024000
5.700000E-6	0.032000
5.800000E-6	0.016000
5.900000E-6	0.016000
6.000000E-6	0.008000
6.100000E-6	0.024000
6.200000E-6	0.016000
6.300000E-6	0.008000
6.400000E-6	0.008000
6.500000E-6	0.016000
6.600000E-6	0.016000
6.700000E-6	0.024000
6.800000E-6	0.024000
6.900000E-6	0.008000
7.000000E-6	0.008000
7.100000E-6	0.000000
7.200000E-6	0.000000
7.300000E-6	0.016000
7.400000E-6	0.016000
7.500000E-6	0.016000
7.600000E-6	0.024000
7.700000E-6	0.016000
7.800000E-6	0.016000
7.900000E-6	0.016000
8.000000E-6	0.024000
8.100000E-6	0.016000
8.200000E-6	0.016000
8.300000E-6	0.016000
8.400000E-6	0.016000
8.500000E-6	0.024000
8.600000E-6	0.024000
8.700000E-6	0.016000
8.800000E-6	0.000000
8.900000E-6	0.016000
9.000000E-6	0.016000
9.100000E-6	0.016000
9.200000E-6	0.032000
9.300000E-6	0.016000
9.400000E-6	0.016000
9.500000E-6	0.016000
9.600000E-6	0.016000
9.700000E-6	0.008000
9.800000E-6	0.016000
9.900000E-6	0.016000
1.000000E-5	0.008000
1.010000E-5	0.024000
1.020000E-5	0.016000
1.030000E-5	0.008000
1.040000E-5	0.008000
1.050000E-5	0.008000
1.060000E-5	0.008000
1.070000E-5	0.016000
1.080000E-5	0.024000
1.090000E-5	0.008000
1.100000E-5	0.016000
1.110000E-5	0.000000
1.120000E-5	0.008000
1.130000E-5	0.008000
1.140000E-5	0.008000
1.150000E-5	0.016000
1.160000E-5	0.008000
1.170000E-5	0.016000
1.180000E-5	0.016000
1.190000E-5	0.016000
1.200000E-5	0.008000
1.210000E-5	0.008000
1.220000E-5	0.016000
1.230000E-5	0.016000
1.240000E-5	0.024000
1.250000E-5	0.000000
1.260000E-5	0.016000
1.270000E-5	0.024000
1.280000E-5	0.024000
1.290000E-5	0.016000
1.300000E-5	0.008000
1.310000E-5	0.008000
1.320000E-5	0.024000
1.330000E-5	0.016000
1.340000E-5	0.008000
1.350000E-5	0.016000
1.360000E-5	0.016000
1.370000E-5	0.024000
1.380000E-5	0.008000
1.390000E-5	0.016000
1.400000E-5	0.008000
1.410000E-5	0.008000
1.420000E-5	0.000000
1.430000E-5	0.008000
1.440000E-5	0.008000
1.450000E-5	0.016000
1.460000E-5	0.000000
1.470000E-5	0.008000
1.480000E-5	0.016000
1.490000E-5	0.008000
1.500000E-5	0.016000
1.510000E-5	0.008000
1.520000E-5	0.008000
1.530000E-5	0.016000
1.540000E-5	0.016000
1.550000E-5	0.008000
1.560000E-5	0.008000
1.570000E-5	0.016000
1.580000E-5	0.008000
1.590000E-5	0.008000
1.600000E-5	0.008000
1.610000E-5	0.008000
1.620000E-5	0.016000
1.630000E-5	0.008000
1.640000E-5	0.008000
1.650000E-5	0.016000
1.660000E-5	0.016000
1.670000E-5	0.008000
1.680000E-5	0.016000
1.690000E-5	0.000000
1.700000E-5	0.016000
1.710000E-5	0.016000
1.720000E-5	0.008000
1.730000E-5	0.016000
1.740000E-5	0.016000
1.750000E-5	0.016000
1.760000E-5	0.016000
1.770000E-5	0.008000
1.780000E-5	0.016000
1.790000E-5	0.008000
1.800000E-5	0.016000
1.810000E-5	0.008000
1.820000E-5	0.008000
1.830000E-5	0.016000
1.840000E-5	0.008000
1.850000E-5	0.008000
1.860000E-5	0.008000
1.870000E-5	0.008000
1.880000E-5	0.000000
1.890000E-5	0.008000
1.900000E-5	0.008000
1.910000E-5	0.008000
1.920000E-5	0.008000
1.930000E-5	-0.008000
1.940000E-5	0.016000
1.950000E-5	0.008000
1.960000E-5	0.016000
1.970000E-5	0.008000
1.980000E-5	0.008000
1.990000E-5	0.000000
2.000000E-5	0.008000
2.010000E-5	0.008000
2.020000E-5	0.008000
2.030000E-5	0.008000
2.040000E-5	0.008000
2.050000E-5	0.008000
2.060000E-5	0.008000
2.070000E-5	0.016000
2.080000E-5	0.008000
2.090000E-5	0.016000
2.100000E-5	0.008000
2.110000E-5	0.016000
2.120000E-5	0.000000
2.130000E-5	0.008000
2.140000E-5	0.016000
2.150000E-5	0.008000
2.160000E-5	0.016000
2.170000E-5	0.008000
2.180000E-5	0.008000
2.190000E-5	0.008000
2.200000E-5	0.008000
2.210000E-5	0.016000
2.220000E-5	0.008000
2.230000E-5	0.016000
2.240000E-5	0.000000
2.250000E-5	0.000000
2.260000E-5	0.024000
2.270000E-5	0.008000
2.280000E-5	0.008000
2.290000E-5	0.008000
2.300000E-5	0.016000
2.310000E-5	0.008000
2.320000E-5	0.008000
2.330000E-5	0.000000
2.340000E-5	0.016000
2.350000E-5	0.016000
2.360000E-5	0.008000
2.370000E-5	0.016000
2.380000E-5	0.008000
2.390000E-5	0.008000
2.400000E-5	0.008000
2.410000E-5	0.008000
2.420000E-5	0.008000
2.430000E-5	0.008000
2.440000E-5	0.000000
2.450000E-5	0.000000
2.460000E-5	0.016000
2.470000E-5	0.008000
2.480000E-5	0.008000
2.490000E-5	0.008000
2.500000E-5	0.000000
2.510000E-5	0.008000
2.520000E-5	0.000000
2.530000E-5	0.000000
2.540000E-5	0.008000
2.550000E-5	0.008000
2.560000E-5	0.008000
2.570000E-5	0.008000
2.580000E-5	0.000000
2.590000E-5	0.008000
2.600000E-5	0.000000
2.610000E-5	0.008000
2.620000E-5	0.008000
2.630000E-5	0.016000
2.640000E-5	0.008000
2.650000E-5	0.008000
2.660000E-5	0.008000
2.670000E-5	0.008000
2.680000E-5	0.008000
2.690000E-5	0.008000
2.700000E-5	0.024000
2.710000E-5	0.000000
2.720000E-5	0.024000
2.730000E-5	0.016000
2.740000E-5	0.008000
2.750000E-5	0.008000
2.760000E-5	0.000000
2.770000E-5	0.008000
2.780000E-5	0.000000
2.790000E-5	0.016000
2.800000E-5	0.008000
2.810000E-5	0.016000
2.820000E-5	0.000000
2.830000E-5	0.008000
2.840000E-5	0.008000
2.850000E-5	0.000000
2.860000E-5	0.008000
2.870000E-5	0.008000
2.880000E-5	0.016000
2.890000E-5	0.016000
2.900000E-5	0.016000
2.910000E-5	0.000000
2.920000E-5	0.008000
2.930000E-5	0.008000
2.940000E-5	0.000000
2.950000E-5	0.000000
2.960000E-5	0.008000
2.970000E-5	0.008000
2.980000E-5	0.016000
2.990000E-5	0.008000
3.000000E-5	0.008000
3.010000E-5	0.000000
3.020000E-5	0.000000
3.030000E-5	-0.008000
3.040000E-5	0.016000
3.050000E-5	0.016000
3.060000E-5	0.008000
3.070000E-5	0.000000
3.080000E-5	0.008000
3.090000E-5	0.016000
3.100000E-5	-0.008000
3.110000E-5	0.016000
3.120000E-5	0.024000
3.130000E-5	0.008000
3.140000E-5	0.016000
3.150000E-5	0.008000
3.160000E-5	0.016000
3.170000E-5	0.016000
3.180000E-5	0.000000
3.190000E-5	0.008000
3.200000E-5	0.008000
3.210000E-5	0.008000
3.220000E-5	0.016000
3.230000E-5	0.016000
3.240000E-5	0.008000
3.250000E-5	0.000000
3.260000E-5	0.000000
3.270000E-5	0.016000
3.280000E-5	0.016000
3.290000E-5	0.008000
3.300000E-5	0.008000
3.310000E-5	0.016000
3.320000E-5	0.016000
3.330000E-5	0.008000
3.340000E-5	0.000000
3.350000E-5	0.000000
3.360000E-5	0.008000
3.370000E-5	0.032000
3.380000E-5	0.008000
3.390000E-5	0.016000
3.400000E-5	0.008000
3.410000E-5	0.008000
3.420000E-5	0.016000
3.430000E-5	0.016000
3.440000E-5	0.008000
3.450000E-5	0.008000
3.460000E-5	0.000000
3.470000E-5	0.008000
3.480000E-5	0.008000
3.490000E-5	0.024000
3.500000E-5	0.016000
3.510000E-5	0.024000
3.520000E-5	0.016000
3.530000E-5	0.000000
3.540000E-5	0.000000
3.550000E-5	0.008000
3.560000E-5	0.008000
3.570000E-5	0.016000
3.580000E-5	0.016000
3.590000E-5	0.008000
3.600000E-5	0.016000
3.610000E-5	0.024000
3.620000E-5	0.000000
3.630000E-5	0.008000
3.640000E-5	0.008000
3.650000E-5	0.008000
3.660000E-5	0.016000
3.670000E-5	0.016000
3.680000E-5	0.016000
3.690000E-5	0.000000
3.700000E-5	0.008000
3.710000E-5	0.016000
3.720000E-5	0.008000
3.730000E-5	0.016000
3.740000E-5	0.016000
3.750000E-5	0.000000
3.760000E-5	0.016000
3.770000E-5	0.008000
3.780000E-5	0.000000
3.790000E-5	0.008000
3.800000E-5	0.008000
3.810000E-5	0.008000
3.820000E-5	0.008000
3.830000E-5	0.008000
3.840000E-5	0.008000
3.850000E-5	0.016000
3.860000E-5	0.008000
3.870000E-5	0.000000
3.880000E-5	0.016000
3.890000E-5	0.024000
3.900000E-5	0.008000
3.910000E-5	0.024000
3.920000E-5	0.016000
3.930000E-5	0.008000
3.940000E-5	0.008000
3.950000E-5	0.008000
3.960000E-5	0.024000
3.970000E-5	0.016000
3.980000E-5	0.024000
3.990000E-5	0.032000
4.000000E-5	0.008000
4.010000E-5	0.008000
4.020000E-5	0.016000
4.030000E-5	0.008000
4.040000E-5	0.016000
4.050000E-5	0.000000
4.060000E-5	0.008000
4.070000E-5	0.016000
4.080000E-5	0.016000
4.090000E-5	0.024000
4.100000E-5	0.008000
4.110000E-5	0.008000
4.120000E-5	0.016000
4.130000E-5	0.000000
4.140000E-5	0.024000
4.150000E-5	0.000000
4.160000E-5	0.016000
4.170000E-5	0.008000
4.180000E-5	0.008000
4.190000E-5	0.016000
4.200000E-5	0.000000
4.210000E-5	0.000000
4.220000E-5	0.016000
4.230000E-5	0.008000
4.240000E-5	0.008000
4.250000E-5	0.008000
4.260000E-5	0.016000
4.270000E-5	0.008000
4.280000E-5	0.008000
4.290000E-5	0.000000
4.300000E-5	0.016000
4.310000E-5	0.016000
4.320000E-5	0.016000
4.330000E-5	0.016000
4.340000E-5	0.016000
4.350000E-5	0.016000
4.360000E-5	0.008000
4.370000E-5	0.008000
4.380000E-5	0.008000
4.390000E-5	0.016000
4.400000E-5	0.000000
4.410000E-5	0.000000
4.420000E-5	0.008000
4.430000E-5	0.008000
4.440000E-5	0.016000
4.450000E-5	0.024000
4.460000E-5	0.008000
4.470000E-5	0.008000
4.480000E-5	0.008000
4.490000E-5	0.008000
4.500000E-5	0.016000
4.510000E-5	0.024000
4.520000E-5	0.000000
4.530000E-5	0.016000
4.540000E-5	0.016000
4.550000E-5	0.024000
4.560000E-5	0.016000
4.570000E-5	0.008000
4.580000E-5	0.016000
4.590000E-5	0.016000
4.600000E-5	0.016000
4.610000E-5	0.024000
4.620000E-5	0.008000
4.630000E-5	0.000000
4.640000E-5	0.008000
4.650000E-5	0.008000
4.660000E-5	0.016000
4.670000E-5	0.000000
4.680000E-5	0.008000
4.690000E-5	0.008000
4.700000E-5	0.016000
4.710000E-5	0.008000
4.720000E-5	0.008000
4.730000E-5	0.016000
4.740000E-5	0.016000
4.750000E-5	0.016000
4.760000E-5	0.024000
4.770000E-5	0.016000
4.780000E-5	0.016000
4.790000E-5	0.016000
4.800000E-5	0.008000
4.810000E-5	0.016000
4.820000E-5	0.000000
4.830000E-5	0.008000
4.840000E-5	0.016000
4.850000E-5	0.008000
4.860000E-5	0.016000
4.870000E-5	0.024000
4.880000E-5	0.016000
4.890000E-5	0.008000
4.900000E-5	0.024000
4.910000E-5	0.000000
4.920000E-5	0.008000
4.930000E-5	0.016000
4.940000E-5	0.016000
4.950000E-5	0.016000
4.960000E-5	0.016000
4.970000E-5	0.008000
4.980000E-5	0.008000
4.990000E-5	0.008000
5.000000E-5	0.000000
5.010000E-5	0.000000
5.020000E-5	0.008000
5.030000E-5	0.016000
5.040000E-5	0.016000
5.050000E-5	0.008000
5.060000E-5	0.008000
5.070000E-5	0.008000
5.080000E-5	0.008000
5.090000E-5	0.016000
5.100000E-5	0.016000
5.110000E-5	0.008000
5.120000E-5	0.008000
5.130000E-5	0.008000
5.140000E-5	0.016000
5.150000E-5	0.016000
5.160000E-5	0.008000
5.170000E-5	0.000000
5.180000E-5	0.016000
5.190000E-5	0.008000
5.200000E-5	0.016000
5.210000E-5	0.008000
5.220000E-5	0.024000
5.230000E-5	0.016000
5.240000E-5	0.008000
5.250000E-5	0.008000
5.260000E-5	0.016000
5.270000E-5	0.008000
5.280000E-5	0.024000
5.290000E-5	0.008000
5.300000E-5	0.008000
5.310000E-5	0.008000
5.320000E-5	0.008000
5.330000E-5	0.008000
5.340000E-5	0.016000
5.350000E-5	0.008000
5.360000E-5	0.008000
5.370000E-5	0.024000
5.380000E-5	0.016000
5.390000E-5	0.016000
5.400000E-5	0.008000
5.410000E-5	0.000000
5.420000E-5	0.008000
5.430000E-5	0.008000
5.440000E-5	0.008000
5.450000E-5	0.008000
5.460000E-5	0.016000
5.470000E-5	0.016000
5.480000E-5	0.008000
5.490000E-5	0.016000
5.500000E-5	0.008000
5.510000E-5	0.000000
5.520000E-5	0.016000
5.530000E-5	0.008000
5.540000E-5	0.008000
5.550000E-5	0.000000
5.560000E-5	0.016000
5.570000E-5	0.016000
5.580000E-5	0.016000
5.590000E-5	0.008000
5.600000E-5	0.000000
5.610000E-5	0.008000
5.620000E-5	0.008000
5.630000E-5	0.016000
5.640000E-5	0.016000
5.650000E-5	0.016000
5.660000E-5	0.008000
5.670000E-5	0.016000
5.680000E-5	0.008000
5.690000E-5	0.016000
5.700000E-5	0.016000
5.710000E-5	0.008000
5.720000E-5	0.008000
5.730000E-5	0.016000
5.740000E-5	0.008000
5.750000E-5	0.016000
5.760000E-5	0.024000
5.770000E-5	0.016000
5.780000E-5	0.016000
5.790000E-5	0.000000
5.800000E-5	0.008000
5.810000E-5	0.016000
5.820000E-5	0.016000
5.830000E-5	0.008000
5.840000E-5	0.016000
5.850000E-5	0.008000
5.860000E-5	0.024000
5.870000E-5	0.024000
5.880000E-5	0.016000
5.890000E-5	0.016000
5.900000E-5	0.000000
5.910000E-5	0.016000
5.920000E-5	0.016000
5.930000E-5	0.008000
5.940000E-5	0.016000
5.950000E-5	0.016000
5.960000E-5	0.016000
5.970000E-5	0.008000
5.980000E-5	0.008000
5.990000E-5	0.016000
6.000000E-5	0.000000
6.010000E-5	0.024000
6.020000E-5	0.008000
6.030000E-5	0.016000
6.040000E-5	0.008000
6.050000E-5	0.008000
6.060000E-5	0.008000
6.070000E-5	0.008000
6.080000E-5	0.008000
6.090000E-5	0.000000
6.100000E-5	0.008000
6.110000E-5	0.008000
6.120000E-5	0.008000
6.130000E-5	0.008000
6.140000E-5	0.016000
6.150000E-5	0.008000
6.160000E-5	0.000000
6.170000E-5	0.016000
6.180000E-5	0.016000
6.190000E-5	0.008000
6.200000E-5	0.008000
6.210000E-5	0.016000
6.220000E-5	0.008000
6.230000E-5	0.008000
6.240000E-5	0.016000
6.250000E-5	0.008000
6.260000E-5	0.008000
6.270000E-5	0.008000
6.280000E-5	0.008000
6.290000E-5	0.016000
6.300000E-5	0.008000
6.310000E-5	0.016000
6.320000E-5	0.016000
6.330000E-5	0.000000
6.340000E-5	0.008000
6.350000E-5	0.016000
6.360000E-5	0.016000
6.370000E-5	0.016000
6.380000E-5	0.016000
6.390000E-5	0.008000
6.400000E-5	0.016000
6.410000E-5	0.008000
6.420000E-5	0.008000
6.430000E-5	0.016000
6.440000E-5	0.008000
6.450000E-5	0.008000
6.460000E-5	0.016000
6.470000E-5	0.016000
6.480000E-5	0.008000
6.490000E-5	0.016000
6.500000E-5	0.000000
6.510000E-5	0.008000
6.520000E-5	0.000000
6.530000E-5	0.008000
6.540000E-5	0.008000
6.550000E-5	0.008000
6.560000E-5	0.008000
6.570000E-5	0.008000
6.580000E-5	0.008000
6.590000E-5	0.016000
6.600000E-5	0.008000
6.610000E-5	0.008000
6.620000E-5	0.016000
6.630000E-5	0.000000
6.640000E-5	0.008000
6.650000E-5	-0.008000
6.660000E-5	0.008000
6.670000E-5	0.008000
6.680000E-5	0.016000
6.690000E-5	0.000000
6.700000E-5	0.000000
6.710000E-5	0.008000
6.720000E-5	0.000000
6.730000E-5	0.008000
6.740000E-5	0.008000
6.750000E-5	0.008000
6.760000E-5	0.016000
6.770000E-5	0.008000
6.780000E-5	0.016000
6.790000E-5	0.016000
6.800000E-5	0.024000
6.810000E-5	0.016000
6.820000E-5	0.016000
6.830000E-5	0.008000
6.840000E-5	0.008000
6.850000E-5	0.016000
6.860000E-5	0.008000
6.870000E-5	0.024000
6.880000E-5	0.008000
6.890000E-5	0.024000
6.900000E-5	0.016000
6.910000E-5	0.000000
6.920000E-5	0.016000
6.930000E-5	0.016000
6.940000E-5	0.016000
6.950000E-5	0.000000
6.960000E-5	0.016000
6.970000E-5	0.016000
6.980000E-5	0.016000
6.990000E-5	0.016000
7.000000E-5	0.016000
7.010000E-5	0.000000
7.020000E-5	0.016000
7.030000E-5	0.016000
7.040000E-5	0.016000
7.050000E-5	0.008000
7.060000E-5	0.008000
7.070000E-5	0.008000
7.080000E-5	0.016000
7.090000E-5	0.008000
7.100000E-5	0.016000
7.110000E-5	0.008000
7.120000E-5	0.008000
7.130000E-5	0.008000
7.140000E-5	0.008000
7.150000E-5	-0.008000
7.160000E-5	0.008000
7.170000E-5	0.008000
7.180000E-5	0.008000
7.190000E-5	0.000000
7.200000E-5	0.008000
7.210000E-5	0.016000
7.220000E-5	0.016000
7.230000E-5	0.016000
7.240000E-5	0.016000
7.250000E-5	0.008000
7.260000E-5	0.016000
7.270000E-5	0.000000
7.280000E-5	0.008000
7.290000E-5	0.016000
7.300000E-5	0.008000
7.310000E-5	0.008000
7.320000E-5	0.008000
7.330000E-5	0.008000
7.340000E-5	0.008000
7.350000E-5	0.024000
7.360000E-5	0.016000
7.370000E-5	0.008000
7.380000E-5	0.008000
7.390000E-5	0.000000
7.400000E-5	0.008000
7.410000E-5	0.016000
7.420000E-5	0.008000
7.430000E-5	0.024000
7.440000E-5	0.008000
7.450000E-5	0.008000
7.460000E-5	0.016000
7.470000E-5	0.024000
7.480000E-5	0.016000
7.490000E-5	0.024000
7.500000E-5	0.016000
7.510000E-5	0.016000
7.520000E-5	0.016000
7.530000E-5	0.008000
7.540000E-5	0.016000
7.550000E-5	0.024000
7.560000E-5	0.016000
7.570000E-5	0.008000
7.580000E-5	-0.008000
7.590000E-5	0.008000
7.600000E-5	0.008000
7.610000E-5	0.024000
7.620000E-5	0.008000
7.630000E-5	0.008000
7.640000E-5	0.024000
7.650000E-5	0.016000
7.660000E-5	0.024000
7.670000E-5	0.016000
7.680000E-5	0.008000
7.690000E-5	0.016000
7.700000E-5	0.024000
7.710000E-5	0.008000
7.720000E-5	0.016000
7.730000E-5	0.016000
7.740000E-5	0.008000
7.750000E-5	0.016000
7.760000E-5	0.016000
7.770000E-5	0.008000
7.780000E-5	0.024000
7.790000E-5	0.016000
7.800000E-5	0.008000
7.810000E-5	0.008000
7.820000E-5	0.016000
7.830000E-5	0.016000
7.840000E-5	0.008000
7.850000E-5	0.016000
7.860000E-5	0.008000
7.870000E-5	0.008000
7.880000E-5	0.016000
7.890000E-5	0.016000
7.900000E-5	0.016000
7.910000E-5	0.000000
7.920000E-5	0.000000
7.930000E-5	0.008000
7.940000E-5	0.016000
7.950000E-5	0.016000
7.960000E-5	0.016000
7.970000E-5	0.008000
7.980000E-5	0.016000
7.990000E-5	0.016000
8.000000E-5	0.000000
8.010000E-5	0.016000
8.020000E-5	0.008000
8.030000E-5	0.008000
8.040000E-5	0.008000
8.050000E-5	0.008000
8.060000E-5	0.008000
8.070000E-5	0.008000
8.080000E-5	0.000000
8.090000E-5	0.000000
8.100000E-5	0.016000
8.110000E-5	0.008000
8.120000E-5	0.016000
8.130000E-5	0.016000
8.140000E-5	0.016000
8.150000E-5	0.008000
8.160000E-5	0.008000
8.170000E-5	0.008000
8.180000E-5	0.016000
8.190000E-5	0.008000
8.200000E-5	0.024000
8.210000E-5	0.024000
8.220000E-5	0.024000
8.230000E-5	0.008000
8.240000E-5	0.024000
8.250000E-5	0.008000
8.260000E-5	0.008000
8.270000E-5	0.008000
8.280000E-5	0.008000
8.290000E-5	0.016000
8.300000E-5	0.024000
8.310000E-5	0.016000
8.320000E-5	0.008000
8.330000E-5	0.008000
8.340000E-5	0.008000
8.350000E-5	0.016000
8.360000E-5	0.016000
8.370000E-5	0.016000
8.380000E-5	0.008000
8.390000E-5	0.016000
8.400000E-5	0.000000
8.410000E-5	0.008000
8.420000E-5	0.016000
8.430000E-5	0.016000
8.440000E-5	0.008000
8.450000E-5	0.008000
8.460000E-5	0.008000
8.470000E-5	0.000000
8.480000E-5	0.000000
8.490000E-5	0.008000
8.500000E-5	0.016000
8.510000E-5	0.016000
8.520000E-5	0.016000
8.530000E-5	0.016000
8.540000E-5	0.008000
8.550000E-5	0.008000
8.560000E-5	0.016000
8.570000E-5	0.024000
8.580000E-5	0.008000
8.590000E-5	0.008000
8.600000E-5	0.016000
8.610000E-5	0.016000
8.620000E-5	0.016000
8.630000E-5	0.016000
8.640000E-5	0.008000
8.650000E-5	0.016000
8.660000E-5	0.008000
8.670000E-5	0.008000
8.680000E-5	0.008000
8.690000E-5	0.008000
8.700000E-5	0.008000
8.710000E-5	0.016000
8.720000E-5	0.016000
8.730000E-5	0.016000
8.740000E-5	0.008000
8.750000E-5	0.024000
8.760000E-5	0.016000
8.770000E-5	0.016000
8.780000E-5	0.008000
8.790000E-5	0.000000
8.800000E-5	0.016000
8.810000E-5	0.008000
8.820000E-5	0.016000
8.830000E-5	0.016000
8.840000E-5	0.016000
8.850000E-5	0.016000
8.860000E-5	0.000000
8.870000E-5	0.008000
8.880000E-5	0.016000
8.890000E-5	0.016000
8.900000E-5	0.008000
8.910000E-5	0.016000
8.920000E-5	0.008000
8.930000E-5	0.008000
8.940000E-5	0.008000
8.950000E-5	0.016000
8.960000E-5	0.008000
8.970000E-5	0.016000
8.980000E-5	0.008000
8.990000E-5	0.008000
9.000000E-5	0.008000
9.010000E-5	0.016000
9.020000E-5	-0.008000
9.030000E-5	0.024000
9.040000E-5	0.008000
9.050000E-5	0.008000
9.060000E-5	0.008000
9.070000E-5	0.008000
9.080000E-5	0.008000
9.090000E-5	0.008000
9.100000E-5	0.008000
9.110000E-5	0.008000
9.120000E-5	0.008000
9.130000E-5	0.016000
9.140000E-5	0.008000
9.150000E-5	0.016000
9.160000E-5	0.016000
9.170000E-5	0.008000
9.180000E-5	0.008000
9.190000E-5	0.008000
9.200000E-5	0.016000
9.210000E-5	0.000000
9.220000E-5	0.016000
9.230000E-5	0.008000
9.240000E-5	0.016000
9.250000E-5	0.008000
9.260000E-5	0.008000
9.270000E-5	0.008000
9.280000E-5	0.000000
9.290000E-5	0.008000
9.300000E-5	0.008000
9.310000E-5	0.008000
9.320000E-5	0.008000
9.330000E-5	0.008000
9.340000E-5	0.008000
9.350000E-5	0.008000
9.360000E-5	0.008000
9.370000E-5	0.016000
9.380000E-5	0.000000
9.390000E-5	0.000000
9.400000E-5	0.000000
9.410000E-5	0.016000
9.420000E-5	0.008000
9.430000E-5	0.016000
9.440000E-5	0.008000
9.450000E-5	0.008000
9.460000E-5	0.008000
9.470000E-5	0.008000
9.480000E-5	0.016000
9.490000E-5	0.016000
9.500000E-5	0.008000
9.510000E-5	0.008000
9.520000E-5	0.016000
9.530000E-5	0.008000
9.540000E-5	0.016000
9.550000E-5	0.008000
9.560000E-5	0.016000
9.570000E-5	0.008000
9.580000E-5	0.008000
9.590000E-5	0.008000
9.600000E-5	0.016000
9.610000E-5	0.016000
9.620000E-5	0.016000
9.630000E-5	0.000000
9.640000E-5	0.008000
9.650000E-5	0.000000
9.660000E-5	0.008000
9.670000E-5	0.024000
9.680000E-5	0.016000
9.690000E-5	0.000000
9.700000E-5	0.016000
9.710000E-5	0.008000
9.720000E-5	0.008000
9.730000E-5	0.016000
9.740000E-5	0.008000
9.750000E-5	0.008000
9.760000E-5	0.024000
9.770000E-5	0.008000
9.780000E-5	0.008000
9.790000E-5	0.008000
9.800000E-5	0.016000
9.810000E-5	0.008000
9.820000E-5	0.016000
9.830000E-5	0.000000
9.840000E-5	0.008000
9.850000E-5	0.008000
9.860000E-5	0.000000
9.870000E-5	0.016000
9.880000E-5	0.008000
9.890000E-5	0.016000
9.900000E-5	0.000000
9.910000E-5	0.008000
9.920000E-5	0.016000
9.930000E-5	0.008000
9.940000E-5	0.008000
9.950000E-5	0.016000
9.960000E-5	0.016000
9.970000E-5	0.000000
9.980000E-5	0.016000
9.990000E-5	0.016000
0.000100	0.016000
0.000100	0.016000
0.000100	0.008000
0.000100	0.000000
0.000100	0.008000
0.000101	0.008000
0.000101	0.008000
0.000101	0.016000
0.000101	0.008000
0.000101	0.008000
0.000101	0.016000
0.000101	0.008000
0.000101	0.016000
0.000101	0.008000
0.000101	0.008000
0.000102	0.016000
0.000102	0.008000
0.000102	0.008000
0.000102	0.008000
0.000102	0.016000
0.000102	0.016000
0.000102	0.008000
0.000102	0.016000
0.000102	0.016000
0.000102	0.016000
0.000102	0.008000
0.000103	0.016000
0.000103	0.008000
0.000103	0.008000
0.000103	0.016000
0.000103	0.016000
0.000103	0.000000
0.000103	0.016000
0.000103	0.016000
0.000103	0.016000
0.000104	0.008000
0.000104	0.016000
0.000104	0.008000
0.000104	0.008000
0.000104	0.008000
0.000104	0.008000
0.000104	0.016000
0.000104	0.016000
0.000104	0.008000
0.000104	0.016000
0.000105	0.008000
0.000105	0.008000
0.000105	0.000000
0.000105	0.016000
0.000105	0.016000
0.000105	0.024000
0.000105	0.016000
0.000105	0.016000
0.000105	0.016000
0.000105	0.008000
0.000106	0.008000
0.000106	0.008000
0.000106	0.016000
0.000106	0.000000
0.000106	0.008000
0.000106	0.024000
0.000106	0.016000
0.000106	0.016000
0.000106	0.008000
0.000106	0.016000
0.000107	0.000000
0.000107	0.016000
0.000107	0.016000
0.000107	0.008000
0.000107	0.016000
0.000107	0.016000
0.000107	0.008000
0.000107	0.008000
0.000107	0.016000
0.000107	0.008000
0.000108	0.008000
0.000108	0.016000
0.000108	0.008000
0.000108	0.016000
0.000108	0.000000
0.000108	0.016000
0.000108	0.024000
0.000108	0.008000
0.000108	0.008000
0.000108	0.016000
0.000109	0.000000
0.000109	0.000000
0.000109	0.024000
0.000109	0.008000
0.000109	0.000000
0.000109	0.008000
0.000109	0.008000
0.000109	0.016000
0.000109	0.008000
0.000109	0.024000
0.000110	0.016000
0.000110	0.016000
0.000110	0.016000
0.000110	0.016000
0.000110	0.008000
0.000110	0.016000
0.000110	0.000000
0.000110	0.000000
0.000110	0.024000
0.000110	0.016000
0.000111	0.008000
0.000111	0.000000
0.000111	0.016000
0.000111	0.008000
0.000111	-0.008000
0.000111	0.008000
0.000111	0.016000
0.000111	0.016000
0.000111	0.016000
0.000111	0.008000
0.000111	0.008000
0.000112	0.008000
0.000112	0.008000
0.000112	0.032000
0.000112	0.024000
0.000112	0.024000
0.000112	0.016000
0.000112	0.008000
0.000112	0.008000
0.000112	0.000000
0.000113	0.000000
0.000113	0.016000
0.000113	0.008000
0.000113	0.008000
0.000113	0.024000
0.000113	0.008000
0.000113	0.008000
0.000113	0.024000
0.000113	0.008000
0.000113	0.016000
0.000114	0.008000
0.000114	0.008000
0.000114	0.016000
0.000114	0.008000
0.000114	0.008000
0.000114	0.016000
0.000114	0.008000
0.000114	0.016000
0.000114	0.008000
0.000114	0.016000
0.000115	0.008000
0.000115	0.016000
0.000115	0.000000
0.000115	0.000000
0.000115	0.008000
0.000115	0.016000
0.000115	0.008000
0.000115	0.008000
0.000115	0.024000
0.000115	0.000000
0.000116	0.008000
0.000116	0.016000
0.000116	0.016000
0.000116	0.008000
0.000116	0.024000
0.000116	0.008000
0.000116	0.000000
0.000116	0.008000
0.000116	0.016000
0.000116	0.016000
0.000117	0.016000
0.000117	0.008000
0.000117	0.016000
0.000117	0.008000
0.000117	0.008000
0.000117	0.032000
0.000117	0.008000
0.000117	0.008000
0.000117	0.000000
0.000117	0.024000
0.000118	0.008000
0.000118	0.000000
0.000118	0.008000
0.000118	0.008000
0.000118	0.008000
0.000118	0.008000
0.000118	0.008000
0.000118	0.024000
0.000118	0.008000
0.000118	0.008000
0.000119	0.016000
0.000119	0.016000
0.000119	0.000000
0.000119	0.008000
0.000119	0.016000
0.000119	0.024000
0.000119	0.008000
0.000119	0.016000
0.000119	0.024000
0.000119	0.016000
0.000120	0.016000
0.000120	0.016000
0.000120	0.008000
0.000120	0.016000
0.000120	0.008000
0.000120	0.008000
0.000120	0.016000
0.000120	0.016000
0.000120	0.000000
0.000120	0.024000
0.000121	0.016000
0.000121	0.008000
0.000121	0.016000
0.000121	0.032000
0.000121	0.008000
0.000121	0.008000
0.000121	0.008000
0.000121	0.024000
0.000121	0.008000
0.000121	0.008000
0.000122	0.008000
0.000122	0.016000
0.000122	0.016000
0.000122	0.008000
0.000122	0.008000
0.000122	0.008000
0.000122	0.008000
0.000122	0.008000
0.000122	0.008000
0.000122	0.008000
0.000122	0.016000
0.000123	0.016000
0.000123	0.016000
0.000123	0.016000
0.000123	0.000000
0.000123	0.016000
0.000123	0.008000
0.000123	0.000000
0.000123	0.024000
0.000123	0.008000
0.000124	0.016000
0.000124	0.008000
0.000124	0.000000
0.000124	0.016000
0.000124	0.016000
0.000124	0.016000
0.000124	0.024000
0.000124	0.000000
0.000124	0.016000
0.000124	0.000000
0.000125	0.016000
0.000125	0.016000
0.000125	0.000000
0.000125	0.008000
0.000125	0.008000
0.000125	0.016000
0.000125	0.008000
0.000125	0.008000
0.000125	0.008000
0.000125	0.008000
0.000126	0.016000
0.000126	0.008000
0.000126	0.008000
0.000126	0.016000
0.000126	0.016000
0.000126	0.016000
0.000126	0.008000
0.000126	0.008000
0.000126	0.008000
0.000126	0.008000
0.000127	0.000000
0.000127	0.016000
0.000127	0.016000
0.000127	0.016000
0.000127	0.016000
0.000127	0.008000
0.000127	0.008000
0.000127	0.008000
0.000127	0.000000
0.000127	0.016000
0.000128	0.008000
0.000128	0.008000
0.000128	0.008000
0.000128	0.016000
0.000128	0.000000
0.000128	0.008000
0.000128	0.016000
0.000128	0.000000
0.000128	0.008000
0.000128	0.008000
0.000129	0.008000
0.000129	0.016000
0.000129	0.016000
0.000129	0.008000
0.000129	0.008000
0.000129	0.008000
0.000129	0.016000
0.000129	0.016000
0.000129	0.008000
0.000129	0.016000
0.000130	0.008000
0.000130	0.008000
0.000130	0.008000
0.000130	0.008000
0.000130	0.008000
0.000130	0.008000
0.000130	0.016000
0.000130	0.016000
0.000130	0.000000
0.000130	0.000000
0.000131	0.016000
0.000131	0.016000
0.000131	0.008000
0.000131	0.016000
0.000131	0.008000
0.000131	0.016000
0.000131	0.016000
0.000131	0.008000
0.000131	0.016000
0.000131	0.008000
0.000131	0.008000
0.000132	0.000000
0.000132	0.024000
0.000132	0.016000
0.000132	0.016000
0.000132	0.016000
0.000132	0.008000
0.000132	0.016000
0.000132	0.008000
0.000132	0.008000
0.000133	0.008000
0.000133	0.016000
0.000133	0.008000
0.000133	0.016000
0.000133	0.008000
0.000133	0.008000
0.000133	0.008000
0.000133	0.016000
0.000133	0.008000
0.000133	0.008000
0.000134	0.016000
0.000134	0.008000
0.000134	0.008000
0.000134	0.024000
0.000134	0.016000
0.000134	0.024000
0.000134	0.016000
0.000134	0.008000
0.000134	0.008000
0.000134	0.024000
0.000135	0.016000
0.000135	0.016000
0.000135	0.008000
0.000135	0.016000
0.000135	0.008000
0.000135	0.008000
0.000135	0.008000
0.000135	0.016000
0.000135	0.016000
0.000135	0.016000
0.000136	0.008000
0.000136	0.008000
0.000136	0.008000
0.000136	0.008000
0.000136	0.024000
0.000136	0.008000
0.000136	0.008000
0.000136	0.024000
0.000136	0.016000
0.000136	0.016000
0.000137	0.000000
0.000137	0.016000
0.000137	0.008000
0.000137	0.008000
0.000137	0.008000
0.000137	0.008000
0.000137	0.008000
0.000137	0.008000
0.000137	0.008000
0.000137	0.016000
0.000138	0.008000
0.000138	0.016000
0.000138	0.016000
0.000138	0.008000
0.000138	0.016000
0.000138	0.008000
0.000138	0.000000
0.000138	0.016000
0.000138	0.008000
0.000138	0.016000
0.000139	0.016000
0.000139	0.016000
0.000139	0.016000
0.000139	0.000000
0.000139	0.016000
0.000139	0.008000
0.000139	0.000000
0.000139	0.008000
0.000139	0.008000
0.000139	0.008000
0.000140	0.016000
0.000140	0.008000
0.000140	0.000000
0.000140	0.016000
0.000140	0.016000
0.000140	0.016000
0.000140	0.016000
0.000140	0.016000
0.000140	0.000000
0.000140	0.008000
0.000140	0.008000
0.000141	0.024000
0.000141	0.016000
0.000141	0.016000
0.000141	0.008000
0.000141	0.016000
0.000141	0.008000
0.000141	0.016000
0.000141	0.024000
0.000141	0.016000
0.000142	0.016000
0.000142	0.000000
0.000142	0.008000
0.000142	0.000000
0.000142	0.024000
0.000142	0.000000
0.000142	0.000000
0.000142	0.000000
0.000142	0.000000
0.000142	0.024000
0.000143	-0.008000
0.000143	0.008000
0.000143	0.008000
0.000143	0.008000
0.000143	0.008000
0.000143	0.008000
0.000143	0.008000
0.000143	0.016000
0.000143	0.008000
0.000143	0.016000
0.000144	0.008000
0.000144	0.008000
0.000144	0.008000
0.000144	0.016000
0.000144	0.000000
0.000144	0.016000
0.000144	0.008000
0.000144	0.008000
0.000144	0.008000
0.000144	0.008000
0.000145	0.008000
0.000145	0.008000
0.000145	0.008000
0.000145	0.008000
0.000145	0.016000
0.000145	0.016000
0.000145	0.016000
0.000145	0.016000
0.000145	0.000000
0.000145	0.016000
0.000146	0.016000
0.000146	0.016000
0.000146	0.016000
0.000146	0.008000
0.000146	0.000000
0.000146	0.008000
0.000146	0.008000
0.000146	0.008000
0.000146	0.016000
0.000146	0.008000
0.000147	0.016000
0.000147	0.016000
0.000147	0.008000
0.000147	0.008000
0.000147	0.008000
0.000147	0.016000
0.000147	0.016000
0.000147	0.008000
0.000147	0.008000
0.000147	0.008000
0.000148	0.000000
0.000148	0.008000
0.000148	0.016000
0.000148	0.008000
0.000148	0.016000
0.000148	0.016000
0.000148	0.008000
0.000148	0.008000
0.000148	0.016000
0.000148	0.008000
0.000149	0.008000
0.000149	0.016000
0.000149	0.008000
0.000149	0.008000
0.000149	0.016000
0.000149	0.016000
0.000149	0.016000
0.000149	0.016000
0.000149	0.008000
0.000149	0.016000
0.000150	0.016000
0.000150	0.016000
0.000150	0.000000
0.000150	0.000000
0.000150	0.016000
0.000150	0.008000
0.000150	0.008000
0.000150	0.016000
0.000150	0.016000
0.000150	0.016000
0.000151	0.000000
0.000151	0.008000
0.000151	0.000000
0.000151	0.000000
0.000151	0.008000
0.000151	0.008000
0.000151	0.024000
0.000151	0.008000
0.000151	0.016000
0.000151	0.008000
0.000151	0.008000
0.000152	0.008000
0.000152	0.008000
0.000152	0.016000
0.000152	0.016000
0.000152	0.016000
0.000152	0.008000
0.000152	0.008000
0.000152	0.024000
0.000152	0.016000
0.000153	0.016000
0.000153	0.016000
0.000153	0.000000
0.000153	0.008000
0.000153	0.016000
0.000153	0.016000
0.000153	0.016000
0.000153	0.016000
0.000153	0.008000
0.000153	0.016000
0.000154	0.008000
0.000154	0.008000
0.000154	0.008000
0.000154	0.016000
0.000154	0.008000
0.000154	0.008000
0.000154	0.008000
0.000154	0.000000
0.000154	0.008000
0.000154	0.008000
0.000155	0.016000
0.000155	0.016000
0.000155	0.008000
0.000155	0.008000
0.000155	0.000000
0.000155	0.008000
0.000155	0.008000
0.000155	0.008000
0.000155	0.016000
0.000155	0.008000
0.000156	0.008000
0.000156	0.024000
0.000156	0.008000
0.000156	0.008000
0.000156	0.008000
0.000156	0.008000
0.000156	0.016000
0.000156	0.008000
0.000156	0.008000
0.000156	0.008000
0.000157	0.008000
0.000157	0.016000
0.000157	0.008000
0.000157	0.008000
0.000157	0.008000
0.000157	0.008000
0.000157	0.008000
0.000157	0.016000
0.000157	0.008000
0.000157	0.016000
0.000158	0.000000
0.000158	0.000000
0.000158	0.008000
0.000158	0.008000
0.000158	0.016000
0.000158	0.016000
0.000158	0.016000
0.000158	-0.008000
0.000158	0.008000
0.000158	0.016000
0.000159	0.016000
0.000159	0.016000
0.000159	0.008000
0.000159	0.000000
0.000159	0.016000
0.000159	0.008000
0.000159	0.016000
0.000159	0.024000
0.000159	0.016000
0.000159	0.016000
0.000160	0.008000
0.000160	0.016000
0.000160	0.024000
0.000160	0.008000
0.000160	0.016000
0.000160	0.008000
0.000160	0.016000
0.000160	0.008000
0.000160	0.008000
0.000160	0.008000
0.000160	0.016000
0.000161	0.000000
0.000161	0.000000
0.000161	0.016000
0.000161	0.016000
0.000161	0.008000
0.000161	0.016000
0.000161	0.016000
0.000161	0.000000
0.000161	0.016000
0.000162	0.016000
0.000162	0.016000
0.000162	0.016000
0.000162	0.024000
0.000162	0.016000
0.000162	0.016000
0.000162	0.000000
0.000162	0.016000
0.000162	0.016000
0.000162	0.016000
0.000163	0.008000
0.000163	0.008000
0.000163	0.008000
0.000163	0.016000
0.000163	0.000000
0.000163	0.000000
0.000163	0.008000
0.000163	0.016000
0.000163	0.008000
0.000163	0.008000
0.000164	0.016000
0.000164	0.016000
0.000164	0.016000
0.000164	0.016000
0.000164	0.016000
0.000164	0.016000
0.000164	0.016000
0.000164	0.000000
0.000164	0.016000
0.000164	0.008000
0.000165	0.008000
0.000165	0.016000
0.000165	0.000000
0.000165	0.016000
0.000165	0.016000
0.000165	0.016000
0.000165	0.016000
0.000165	0.016000
0.000165	0.008000
0.000165	0.000000
0.000166	0.000000
0.000166	0.000000
0.000166	0.024000
0.000166	0.000000
0.000166	0.000000
0.000166	0.008000
0.000166	0.008000
0.000166	0.008000
0.000166	0.000000
0.000166	0.024000
0.000167	0.016000
0.000167	0.000000
0.000167	0.016000
0.000167	0.008000
0.000167	0.016000
0.000167	0.008000
0.000167	0.016000
0.000167	0.008000
0.000167	0.016000
0.000167	0.016000
0.000168	0.008000
0.000168	0.016000
0.000168	0.008000
0.000168	0.008000
0.000168	0.008000
0.000168	0.016000
0.000168	0.008000
0.000168	0.016000
0.000168	0.008000
0.000168	0.000000
0.000169	0.008000
0.000169	0.024000
0.000169	0.008000
0.000169	0.016000
0.000169	0.008000
0.000169	0.008000
0.000169	0.008000
0.000169	0.024000
0.000169	0.008000
0.000169	0.016000
0.000169	0.008000
0.000170	0.016000
0.000170	0.016000
0.000170	0.016000
0.000170	0.008000
0.000170	0.000000
0.000170	0.016000
0.000170	0.024000
0.000170	0.008000
0.000170	0.008000
0.000171	0.016000
0.000171	0.016000
0.000171	0.008000
0.000171	0.016000
0.000171	0.024000
0.000171	0.000000
0.000171	0.024000
0.000171	0.008000
0.000171	0.008000
0.000171	0.016000
0.000171	-0.008000
0.000172	0.016000
0.000172	0.008000
0.000172	0.024000
0.000172	0.008000
0.000172	0.008000
0.000172	0.016000
0.000172	0.008000
0.000172	0.008000
0.000172	0.016000
0.000173	0.024000
0.000173	0.008000
0.000173	0.016000
0.000173	0.016000
0.000173	0.008000
0.000173	0.016000
0.000173	0.024000
0.000173	0.016000
0.000173	0.000000
0.000173	0.016000
0.000174	0.016000
0.000174	0.008000
0.000174	0.008000
0.000174	0.016000
0.000174	0.008000
0.000174	0.008000
0.000174	0.008000
0.000174	0.008000
0.000174	0.008000
0.000174	0.016000
0.000175	0.008000
0.000175	0.016000
0.000175	0.008000
0.000175	0.016000
0.000175	0.008000
0.000175	0.008000
0.000175	0.008000
0.000175	0.008000
0.000175	0.008000
0.000175	0.000000
0.000176	0.008000
0.000176	0.008000
0.000176	0.016000
0.000176	0.008000
0.000176	0.016000
0.000176	0.016000
0.000176	0.016000
0.000176	0.016000
0.000176	0.008000
0.000176	0.008000
0.000177	0.016000
0.000177	0.008000
0.000177	0.024000
0.000177	0.016000
0.000177	0.016000
0.000177	0.016000
0.000177	0.008000
0.000177	0.016000
0.000177	0.016000
0.000177	0.016000
0.000178	0.032000
0.000178	0.016000
0.000178	0.016000
0.000178	0.008000
0.000178	0.016000
0.000178	0.016000
0.000178	0.000000
0.000178	0.000000
0.000178	0.016000
0.000178	0.016000
0.000179	0.008000
0.000179	0.016000
0.000179	0.008000
0.000179	0.024000
0.000179	0.008000
0.000179	0.008000
0.000179	0.016000
0.000179	0.016000
0.000179	0.008000
0.000179	0.024000
0.000180	0.000000
0.000180	0.016000
0.000180	0.024000
0.000180	0.008000
0.000180	0.008000
0.000180	0.008000
0.000180	0.016000
0.000180	0.016000
0.000180	0.008000
0.000180	0.016000
0.000180	0.008000
0.000181	0.008000
0.000181	0.008000
0.000181	0.024000
0.000181	0.016000
0.000181	0.024000
0.000181	0.000000
0.000181	0.008000
0.000181	0.016000
0.000181	0.008000
0.000182	0.016000
0.000182	0.008000
0.000182	0.016000
0.000182	0.008000
0.000182	0.008000
0.000182	0.016000
0.000182	0.008000
0.000182	0.024000
0.000182	0.016000
0.000182	0.016000
0.000183	0.008000
0.000183	0.008000
0.000183	0.008000
0.000183	0.016000
0.000183	0.016000
0.000183	0.024000
0.000183	0.016000
0.000183	0.008000
0.000183	0.016000
0.000183	0.008000
0.000184	0.016000
0.000184	0.016000
0.000184	0.016000
0.000184	0.000000
0.000184	0.016000
0.000184	0.008000
0.000184	0.008000
0.000184	0.016000
0.000184	0.008000
0.000184	0.008000
0.000185	0.008000
0.000185	0.008000
0.000185	0.016000
0.000185	0.008000
0.000185	0.008000
0.000185	-0.008000
0.000185	0.016000
0.000185	0.000000
0.000185	0.008000
0.000185	0.000000
0.000186	0.016000
0.000186	0.008000
0.000186	0.008000
0.000186	0.008000
0.000186	0.016000
0.000186	0.008000
0.000186	0.008000
0.000186	0.008000
0.000186	0.016000
0.000186	0.024000
0.000187	0.016000
0.000187	0.008000
0.000187	0.008000
0.000187	0.016000
0.000187	0.008000
0.000187	0.016000
0.000187	0.008000
0.000187	0.016000
0.000187	0.016000
0.000187	0.008000
0.000188	0.016000
0.000188	0.016000
0.000188	0.024000
0.000188	0.016000
0.000188	0.008000
0.000188	0.016000
0.000188	0.016000
0.000188	0.024000
0.000188	0.008000
0.000188	0.008000
0.000189	0.008000
0.000189	0.008000
0.000189	0.016000
0.000189	0.016000
0.000189	0.016000
0.000189	0.008000
0.000189	0.024000
0.000189	0.008000
0.000189	0.008000
0.000189	0.000000
0.000189	0.008000
0.000190	0.000000
0.000190	0.016000
0.000190	0.008000
0.000190	0.008000
0.000190	0.016000
0.000190	0.016000
0.000190	0.008000
0.000190	0.016000
0.000190	0.016000
0.000191	0.016000
0.000191	0.016000
0.000191	0.008000
0.000191	0.008000
0.000191	0.016000
0.000191	0.016000
0.000191	0.016000
0.000191	0.016000
0.000191	0.008000
0.000191	0.008000
0.000191	0.024000
0.000192	0.016000
0.000192	0.016000
0.000192	0.008000
0.000192	0.024000
0.000192	0.016000
0.000192	0.016000
0.000192	0.016000
0.000192	0.016000
0.000192	0.008000
0.000193	0.016000
0.000193	0.008000
0.000193	0.008000
0.000193	0.008000
0.000193	0.016000
0.000193	0.008000
0.000193	0.024000
0.000193	0.008000
0.000193	0.008000
0.000193	0.008000
0.000194	0.008000
0.000194	0.008000
0.000194	0.016000
0.000194	0.008000
0.000194	0.008000
0.000194	0.008000
0.000194	0.016000
0.000194	0.000000
0.000194	0.016000
0.000194	0.008000
0.000195	0.000000
0.000195	0.008000
0.000195	0.008000
0.000195	0.008000
0.000195	0.008000
0.000195	0.008000
0.000195	0.024000
0.000195	0.016000
0.000195	0.016000
0.000195	0.008000
0.000196	0.008000
0.000196	0.008000
0.000196	0.016000
0.000196	0.008000
0.000196	0.008000
0.000196	0.008000
0.000196	0.008000
0.000196	0.016000
0.000196	0.000000
0.000196	0.000000
0.000197	0.016000
0.000197	0.008000
0.000197	0.016000
0.000197	0.008000
0.000197	0.008000
0.000197	0.008000
0.000197	0.008000
0.000197	0.008000
0.000197	0.016000
0.000197	0.016000
0.000198	0.008000
0.000198	0.016000
0.000198	0.008000
0.000198	0.000000
0.000198	0.008000
0.000198	0.000000
0.000198	0.016000
0.000198	0.008000
0.000198	0.000000
0.000198	0.016000
0.000199	0.008000
0.000199	0.016000
0.000199	0.008000
0.000199	0.008000
0.000199	0.000000
0.000199	0.016000
0.000199	0.016000
0.000199	0.008000
0.000199	0.008000
0.000199	0.008000
0.000200	0.016000
0.000200	0.016000
0.000200	0.016000
0.000200	0.008000
0.000200	0.008000
0.000200	0.016000
0.000200	0.008000
0.000200	0.008000
0.000200	0.016000
0.000200	0.016000
0.000200	0.008000
0.000201	0.008000
0.000201	0.016000
0.000201	0.008000
0.000201	0.016000
0.000201	0.016000
0.000201	0.008000
0.000201	0.024000
0.000201	0.008000
0.000201	0.008000
0.000202	0.008000
0.000202	0.008000
0.000202	0.000000
0.000202	0.000000
0.000202	0.000000
0.000202	0.016000
0.000202	0.000000
0.000202	0.016000
0.000202	0.016000
0.000202	0.000000
0.000203	0.008000
0.000203	0.008000
0.000203	0.016000
0.000203	0.016000
0.000203	0.008000
0.000203	0.008000
0.000203	0.008000
0.000203	0.008000
0.000203	0.008000
0.000203	0.016000
0.000204	0.008000
0.000204	0.008000
0.000204	0.008000
0.000204	0.016000
0.000204	0.000000
0.000204	0.008000
0.000204	0.008000
0.000204	0.008000
0.000204	0.024000
0.000204	0.008000
0.000205	0.008000
0.000205	0.024000
0.000205	0.008000
0.000205	0.008000
0.000205	0.000000
0.000205	0.008000
0.000205	0.024000
0.000205	0.008000
0.000205	0.008000
0.000205	0.016000
0.000206	0.016000
0.000206	0.016000
0.000206	0.008000
0.000206	0.024000
0.000206	0.008000
0.000206	0.008000
0.000206	0.008000
0.000206	0.008000
0.000206	0.008000
0.000206	0.008000
0.000207	0.016000
0.000207	0.008000
0.000207	0.016000
0.000207	0.000000
0.000207	0.000000
0.000207	0.016000
0.000207	0.008000
0.000207	0.008000
0.000207	0.008000
0.000207	0.016000
0.000208	0.000000
0.000208	0.000000
0.000208	0.024000
0.000208	0.000000
0.000208	0.008000
0.000208	0.008000
0.000208	0.008000
0.000208	0.008000
0.000208	0.016000
0.000208	0.000000
0.000209	0.016000
0.000209	0.000000
0.000209	0.008000
0.000209	0.016000
0.000209	0.016000
0.000209	0.000000
0.000209	0.000000
0.000209	0.008000
0.000209	0.024000
0.000209	0.016000
0.000209	0.008000
0.000210	0.008000
0.000210	0.008000
0.000210	0.016000
0.000210	0.016000
0.000210	0.024000
0.000210	0.008000
0.000210	0.008000
0.000210	0.016000
0.000210	0.024000
0.000211	0.000000
0.000211	0.016000
0.000211	0.008000
0.000211	0.000000
0.000211	0.016000
0.000211	0.008000
0.000211	0.000000
0.000211	0.016000
0.000211	0.016000
0.000211	0.008000
0.000212	0.016000
0.000212	0.016000
0.000212	0.016000
0.000212	0.016000
0.000212	0.016000
0.000212	0.008000
0.000212	0.000000
0.000212	0.008000
0.000212	0.008000
0.000212	0.016000
0.000213	0.008000
0.000213	0.016000
0.000213	-0.008000
0.000213	0.008000
0.000213	0.016000
0.000213	0.016000
0.000213	0.016000
0.000213	0.008000
0.000213	0.016000
0.000213	0.016000
0.000214	0.016000
0.000214	0.000000
0.000214	0.024000
0.000214	0.008000
0.000214	0.000000
0.000214	0.024000
0.000214	0.008000
0.000214	0.024000
0.000214	0.008000
0.000214	0.016000
0.000215	0.008000
0.000215	0.016000
0.000215	0.008000
0.000215	0.000000
0.000215	0.032000
0.000215	0.008000
0.000215	0.016000
0.000215	0.016000
0.000215	0.000000
0.000215	0.016000
0.000216	0.008000
0.000216	0.016000
0.000216	0.016000
0.000216	0.008000
0.000216	0.016000
0.000216	0.008000
0.000216	0.008000
0.000216	0.008000
0.000216	0.008000
0.000216	0.008000
0.000217	0.000000
0.000217	0.008000
0.000217	0.016000
0.000217	0.008000
0.000217	0.008000
0.000217	0.000000
0.000217	0.016000
0.000217	0.024000
0.000217	0.008000
0.000217	0.016000
0.000218	0.008000
0.000218	0.008000
0.000218	0.016000
0.000218	0.008000
0.000218	0.016000
0.000218	0.016000
0.000218	0.008000
0.000218	0.016000
0.000218	0.008000
0.000218	0.008000
0.000218	0.008000
0.000219	0.008000
0.000219	0.016000
0.000219	0.016000
0.000219	0.016000
0.000219	0.008000
0.000219	0.008000
0.000219	0.024000
0.000219	0.016000
0.000219	0.016000
0.000220	0.008000
0.000220	0.008000
0.000220	0.008000
0.000220	0.024000
0.000220	0.008000
0.000220	0.016000
0.000220	0.016000
0.000220	0.008000
0.000220	0.016000
0.000220	0.016000
0.000221	0.000000
0.000221	0.008000
0.000221	0.016000
0.000221	0.008000
0.000221	0.008000
0.000221	0.016000
0.000221	0.016000
0.000221	0.016000
0.000221	0.008000
0.000221	0.008000
0.000222	0.000000
0.000222	0.008000
0.000222	0.008000
0.000222	0.016000
0.000222	0.016000
0.000222	0.016000
0.000222	0.008000
0.000222	0.008000
0.000222	0.024000
0.000222	0.008000
0.000223	0.016000
0.000223	0.008000
0.000223	0.008000
0.000223	0.000000
0.000223	0.008000
0.000223	0.000000
0.000223	0.016000
0.000223	0.016000
0.000223	0.008000
0.000223	0.008000
0.000224	0.008000
0.000224	0.008000
0.000224	0.008000
0.000224	0.016000
0.000224	0.016000
0.000224	0.016000
0.000224	0.016000
0.000224	0.016000
0.000224	0.008000
0.000224	0.008000
0.000225	0.008000
0.000225	0.008000
0.000225	0.016000
0.000225	0.016000
0.000225	0.000000

