channel names:
velcal_st_1in_04/24/2016 05:27:58 PM - TDS 2014C(CH1)
start times:
4/24/2016 17:29:49.592593
dt:
0.000000
data:
8.000000E-3
0.000000E+0
0.000000E+0
0.000000E+0
-8.000000E-3
-8.000000E-3
8.000000E-3
8.000000E-3
-8.000000E-3
-1.600000E-2
0.000000E+0
0.000000E+0
-8.000000E-3
1.600000E-2
0.000000E+0
0.000000E+0
1.600000E-2
0.000000E+0
4.000000E-2
0.000000E+0
-2.400000E-2
0.000000E+0
0.000000E+0
0.000000E+0
0.000000E+0
0.000000E+0
8.000000E-3
0.000000E+0
8.000000E-3
8.000000E-3
1.600000E-2
0.000000E+0
0.000000E+0
8.000000E-3
0.000000E+0
8.000000E-3
-8.000000E-3
0.000000E+0
-8.000000E-3
0.000000E+0
0.000000E+0
0.000000E+0
8.000000E-3
8.000000E-3
0.000000E+0
-8.000000E-3
0.000000E+0
0.000000E+0
-8.000000E-3
0.000000E+0
-8.000000E-3
-8.000000E-3
-8.000000E-3
4.000000E-2
1.600000E-2
-1.600000E-2
8.000000E-3
-8.000000E-3
-8.000000E-3
-8.000000E-3
0.000000E+0
0.000000E+0
0.000000E+0
8.000000E-3
8.000000E-3
0.000000E+0
0.000000E+0
-8.000000E-3
1.600000E-2
8.000000E-3
-8.000000E-3
-1.600000E-2
0.000000E+0
0.000000E+0
0.000000E+0
0.000000E+0
-8.000000E-3
0.000000E+0
0.000000E+0
-8.000000E-3
-8.000000E-3
0.000000E+0
-8.000000E-3
-8.000000E-3
8.000000E-3
8.000000E-3
0.000000E+0
-8.000000E-3
0.000000E+0
-8.000000E-3
0.000000E+0
0.000000E+0
8.000000E-3
-8.000000E-3
0.000000E+0
0.000000E+0
0.000000E+0
0.000000E+0
0.000000E+0
0.000000E+0
0.000000E+0
0.000000E+0
0.000000E+0
-8.000000E-3
0.000000E+0
-8.000000E-3
-8.000000E-3
-8.000000E-3
0.000000E+0
8.000000E-3
0.000000E+0
1.600000E-2
1.600000E-2
-8.000000E-3
-8.000000E-3
1.600000E-2
0.000000E+0
-8.000000E-3
8.000000E-3
8.000000E-3
-8.000000E-3
-8.000000E-3
0.000000E+0
0.000000E+0
8.000000E-3
0.000000E+0
0.000000E+0
-8.000000E-3
8.000000E-3
6.400000E-2
-8.000000E-3
-3.200000E-2
0.000000E+0
-8.000000E-3
1.600000E-2
2.400000E-2
-8.000000E-3
0.000000E+0
0.000000E+0
8.000000E-3
-8.000000E-3
0.000000E+0
8.000000E-3
8.000000E-3
0.000000E+0
1.600000E-2
8.000000E-3
0.000000E+0
-8.000000E-3
8.000000E-3
0.000000E+0
0.000000E+0
1.600000E-2
8.000000E-3
8.000000E-3
-8.000000E-3
-8.000000E-3
-8.000000E-3
0.000000E+0
-1.600000E-2
8.000000E-3
0.000000E+0
8.000000E-3
0.000000E+0
0.000000E+0
8.000000E-3
0.000000E+0
0.000000E+0
8.000000E-3
-8.000000E-3
0.000000E+0
0.000000E+0
0.000000E+0
-8.000000E-3
8.000000E-3
1.600000E-2
8.000000E-3
0.000000E+0
8.000000E-3
8.000000E-3
0.000000E+0
8.000000E-3
0.000000E+0
0.000000E+0
0.000000E+0
0.000000E+0
-8.000000E-3
0.000000E+0
-8.000000E-3
8.000000E-3
0.000000E+0
0.000000E+0
1.600000E-2
-8.000000E-3
0.000000E+0
0.000000E+0
0.000000E+0
-1.600000E-2
0.000000E+0
8.000000E-3
8.000000E-3
1.600000E-2
8.000000E-3
-8.000000E-3
-8.000000E-3
0.000000E+0
0.000000E+0
-8.000000E-3
-8.000000E-3
8.000000E-3
2.400000E-2
8.000000E-3
0.000000E+0
8.000000E-3
-8.000000E-3
0.000000E+0
0.000000E+0
1.600000E-2
0.000000E+0
0.000000E+0
-8.000000E-3
8.000000E-3
8.000000E-3
0.000000E+0
0.000000E+0
1.600000E-2
8.000000E-3
0.000000E+0
1.600000E-2
1.600000E-2
0.000000E+0
8.000000E-3
1.600000E-2
0.000000E+0
-8.000000E-3
1.600000E-2
-8.000000E-3
0.000000E+0
1.600000E-2
8.000000E-3
-5.600000E-2
-2.400000E-2
-8.000000E-3
1.600000E-2
1.600000E-2
2.400000E-2
8.000000E-3
-8.000000E-3
1.600000E-2
8.000000E-3
8.000000E-3
1.600000E-2
0.000000E+0
8.000000E-3
-8.000000E-3
0.000000E+0
8.000000E-3
0.000000E+0
-8.000000E-3
8.000000E-3
0.000000E+0
8.000000E-3
8.000000E-3
8.000000E-3
1.600000E-2
-8.000000E-3
8.000000E-3
0.000000E+0
8.000000E-3
8.000000E-3
0.000000E+0
0.000000E+0
8.000000E-3
0.000000E+0
2.400000E-2
-8.000000E-3
0.000000E+0
0.000000E+0
0.000000E+0
0.000000E+0
8.000000E-3
0.000000E+0
8.000000E-3
0.000000E+0
-8.000000E-3
-2.400000E-2
-8.000000E-3
8.000000E-3
0.000000E+0
0.000000E+0
8.000000E-3
0.000000E+0
1.600000E-2
-8.000000E-3
8.000000E-3
8.000000E-3
8.000000E-3
-8.000000E-3
0.000000E+0
0.000000E+0
8.000000E-3
8.000000E-3
-1.600000E-2
0.000000E+0
-8.000000E-3
0.000000E+0
0.000000E+0
8.000000E-3
0.000000E+0
8.000000E-3
0.000000E+0
1.600000E-2
0.000000E+0
8.000000E-3
-8.000000E-3
8.000000E-3
1.600000E-2
0.000000E+0
-8.000000E-3
0.000000E+0
-8.000000E-3
0.000000E+0
0.000000E+0
8.000000E-3
0.000000E+0
-8.000000E-3
0.000000E+0
-8.000000E-3
-8.000000E-3
1.600000E-2
1.600000E-2
1.600000E-2
8.000000E-3
-8.000000E-3
0.000000E+0
8.000000E-3
8.000000E-3
8.000000E-3
0.000000E+0
8.000000E-3
-8.000000E-3
1.600000E-2
-8.000000E-3
0.000000E+0
0.000000E+0
-1.600000E-2
-8.000000E-3
-8.000000E-3
-1.600000E-2
0.000000E+0
-8.000000E-3
-4.800000E-2
-3.200000E-2
0.000000E+0
-8.000000E-3
-8.000000E-3
8.000000E-3
-8.000000E-3
-8.000000E-3
0.000000E+0
0.000000E+0
8.000000E-3
1.600000E-2
0.000000E+0
0.000000E+0
0.000000E+0
8.000000E-3
0.000000E+0
8.000000E-3
8.000000E-3
0.000000E+0
0.000000E+0
-8.000000E-3
8.000000E-3
8.000000E-3
0.000000E+0
-1.600000E-2
8.000000E-3
0.000000E+0
-8.000000E-3
0.000000E+0
0.000000E+0
1.600000E-2
1.600000E-2
0.000000E+0
-8.000000E-3
0.000000E+0
0.000000E+0
-8.000000E-3
0.000000E+0
0.000000E+0
8.000000E-3
0.000000E+0
8.000000E-3
8.000000E-3
8.000000E-3
0.000000E+0
1.600000E-2
8.000000E-3
8.000000E-3
0.000000E+0
0.000000E+0
-1.600000E-2
-1.600000E-2
0.000000E+0
8.000000E-3
1.600000E-2
8.000000E-3
0.000000E+0
8.000000E-3
2.400000E-2
0.000000E+0
1.600000E-2
0.000000E+0
0.000000E+0
8.000000E-3
0.000000E+0
-1.600000E-2
-3.200000E-2
-1.600000E-2
8.000000E-3
1.600000E-2
0.000000E+0
-8.000000E-3
8.000000E-3
8.000000E-3
8.000000E-3
-8.000000E-3
0.000000E+0
1.600000E-2
0.000000E+0
1.600000E-2
-8.000000E-3
-8.000000E-3
0.000000E+0
0.000000E+0
0.000000E+0
0.000000E+0
-8.000000E-3
1.600000E-2
-8.000000E-3
8.000000E-3
8.000000E-3
0.000000E+0
8.000000E-3
-8.000000E-3
8.000000E-3
8.000000E-3
1.600000E-2
8.000000E-3
0.000000E+0
8.000000E-3
8.000000E-3
0.000000E+0
8.000000E-3
-8.000000E-3
-8.000000E-3
0.000000E+0
0.000000E+0
0.000000E+0
3.200000E-2
3.200000E-2
1.600000E-2
-1.600000E-2
0.000000E+0
8.000000E-3
0.000000E+0
-8.000000E-3
8.000000E-3
8.000000E-3
8.000000E-3
-8.000000E-3
-8.000000E-3
8.000000E-3
1.600000E-2
8.000000E-3
-8.000000E-3
-8.000000E-3
8.000000E-3
1.600000E-2
8.000000E-3
1.600000E-2
8.000000E-3
0.000000E+0
0.000000E+0
0.000000E+0
-8.000000E-3
1.600000E-2
0.000000E+0
1.600000E-2
2.400000E-2
8.000000E-3
0.000000E+0
8.000000E-3
8.000000E-3
0.000000E+0
8.000000E-3
0.000000E+0
0.000000E+0
0.000000E+0
-8.000000E-3
8.000000E-3
0.000000E+0
0.000000E+0
8.000000E-3
0.000000E+0
8.000000E-3
8.000000E-3
2.400000E-2
0.000000E+0
0.000000E+0
1.600000E-2
8.000000E-3
0.000000E+0
-8.000000E-3
0.000000E+0
8.000000E-3
0.000000E+0
-8.000000E-3
0.000000E+0
8.000000E-3
0.000000E+0
0.000000E+0
0.000000E+0
0.000000E+0
0.000000E+0
1.600000E-2
-8.000000E-3
0.000000E+0
0.000000E+0
0.000000E+0
2.400000E-2
0.000000E+0
0.000000E+0
-8.000000E-3
0.000000E+0
8.000000E-3
8.000000E-3
0.000000E+0
-8.000000E-3
-8.000000E-3
0.000000E+0
-8.000000E-3
0.000000E+0
8.000000E-3
0.000000E+0
-8.000000E-3
8.000000E-3
8.000000E-3
0.000000E+0
-8.000000E-3
-8.000000E-3
-8.000000E-3
-8.000000E-3
1.600000E-2
8.000000E-3
0.000000E+0
-8.000000E-3
0.000000E+0
1.600000E-2
0.000000E+0
-8.000000E-3
0.000000E+0
-8.000000E-3
0.000000E+0
0.000000E+0
1.600000E-2
0.000000E+0
-8.000000E-3
0.000000E+0
0.000000E+0
-3.200000E-2
0.000000E+0
8.000000E-3
0.000000E+0
-8.000000E-3
0.000000E+0
0.000000E+0
8.000000E-3
1.600000E-2
8.000000E-3
-8.000000E-3
-8.000000E-3
-8.000000E-3
-8.000000E-3
-8.000000E-3
-8.000000E-3
0.000000E+0
8.000000E-3
-8.000000E-3
0.000000E+0
8.000000E-3
0.000000E+0
8.000000E-3
8.000000E-3
-8.000000E-3
-8.000000E-3
1.600000E-2
1.600000E-2
-8.000000E-3
-2.400000E-2
-8.000000E-3
8.000000E-3
0.000000E+0
0.000000E+0
-8.000000E-3
-8.000000E-3
0.000000E+0
8.000000E-3
8.000000E-3
0.000000E+0
8.000000E-3
0.000000E+0
-8.000000E-3
1.600000E-2
-8.000000E-3
0.000000E+0
8.000000E-3
0.000000E+0
8.000000E-3
-8.000000E-3
-8.000000E-3
8.000000E-3
0.000000E+0
-8.000000E-3
8.000000E-3
8.000000E-3
8.000000E-3
0.000000E+0
0.000000E+0
0.000000E+0
8.000000E-3
-8.000000E-3
8.000000E-3
-8.000000E-3
0.000000E+0
1.600000E-2
8.000000E-3
2.400000E-2
-8.000000E-3
0.000000E+0
-8.000000E-3
8.000000E-3
0.000000E+0
8.000000E-3
0.000000E+0
-8.000000E-3
0.000000E+0
8.000000E-3
0.000000E+0
8.000000E-3
0.000000E+0
8.000000E-3
0.000000E+0
0.000000E+0
8.000000E-3
0.000000E+0
0.000000E+0
0.000000E+0
0.000000E+0
8.000000E-3
1.600000E-2
0.000000E+0
0.000000E+0
0.000000E+0
8.000000E-3
8.000000E-3
-8.000000E-3
-8.000000E-3
0.000000E+0
-8.000000E-3
0.000000E+0
8.000000E-3
-8.000000E-3
0.000000E+0
0.000000E+0
0.000000E+0
0.000000E+0
-8.000000E-3
1.600000E-2
4.000000E-2
8.000000E-3
-2.400000E-2
-1.600000E-2
0.000000E+0
8.000000E-3
0.000000E+0
8.000000E-3
-8.000000E-3
-1.600000E-2
2.400000E-2
8.000000E-3
0.000000E+0
-8.000000E-3
8.000000E-3
8.000000E-3
8.000000E-3
0.000000E+0
0.000000E+0
-8.000000E-3
0.000000E+0
0.000000E+0
0.000000E+0
-8.000000E-3
8.000000E-3
8.000000E-3
8.000000E-3
8.000000E-3
0.000000E+0
0.000000E+0
8.000000E-3
8.000000E-3
8.000000E-3
8.000000E-3
-8.000000E-3
-8.000000E-3
1.600000E-2
0.000000E+0
-8.000000E-3
-8.000000E-3
8.000000E-3
-8.000000E-3
0.000000E+0
8.000000E-3
0.000000E+0
-8.000000E-3
-8.000000E-3
0.000000E+0
0.000000E+0
-8.000000E-3
8.000000E-3
0.000000E+0
-1.600000E-2
-1.600000E-2
0.000000E+0
0.000000E+0
0.000000E+0
0.000000E+0
0.000000E+0
0.000000E+0
0.000000E+0
-1.600000E-2
1.600000E-2
8.000000E-3
0.000000E+0
8.000000E-3
0.000000E+0
1.600000E-2
0.000000E+0
8.000000E-3
8.000000E-3
8.000000E-3
0.000000E+0
8.000000E-3
-8.000000E-3
8.000000E-3
0.000000E+0
8.000000E-3
0.000000E+0
0.000000E+0
0.000000E+0
8.000000E-3
0.000000E+0
-8.000000E-3
-8.000000E-3
8.000000E-3
0.000000E+0
8.000000E-3
1.600000E-2
8.000000E-3
8.000000E-3
8.000000E-3
0.000000E+0
-8.000000E-3
0.000000E+0
0.000000E+0
0.000000E+0
0.000000E+0
1.600000E-2
0.000000E+0
0.000000E+0
-8.000000E-3
-1.600000E-2
0.000000E+0
1.600000E-2
0.000000E+0
-8.000000E-3
0.000000E+0
8.000000E-3
-8.000000E-3
0.000000E+0
2.400000E-2
8.000000E-3
0.000000E+0
-8.000000E-3
8.000000E-3
-8.000000E-3
-1.600000E-2
8.000000E-3
8.000000E-3
0.000000E+0
0.000000E+0
8.000000E-3
0.000000E+0
8.000000E-3
0.000000E+0
8.000000E-3
1.600000E-2
8.000000E-3
0.000000E+0
1.600000E-2
0.000000E+0
0.000000E+0
0.000000E+0
0.000000E+0
0.000000E+0
-8.000000E-3
8.000000E-3
8.000000E-3
1.600000E-2
-1.600000E-2
0.000000E+0
8.000000E-3
0.000000E+0
-8.000000E-3
-8.000000E-3
0.000000E+0
8.000000E-3
8.000000E-3
-8.000000E-3
0.000000E+0
8.000000E-3
8.000000E-3
-8.000000E-3
0.000000E+0
0.000000E+0
8.000000E-3
1.600000E-2
0.000000E+0
1.600000E-2
-8.000000E-3
0.000000E+0
8.000000E-3
-8.000000E-3
0.000000E+0
8.000000E-3
8.000000E-3
0.000000E+0
0.000000E+0
0.000000E+0
0.000000E+0
0.000000E+0
-8.000000E-3
8.000000E-3
-8.000000E-3
1.600000E-2
0.000000E+0
8.000000E-3
8.000000E-3
0.000000E+0
-8.000000E-3
8.000000E-3
-8.000000E-3
-8.000000E-3
0.000000E+0
0.000000E+0
0.000000E+0
8.000000E-3
-8.000000E-3
8.000000E-3
-8.000000E-3
8.000000E-3
0.000000E+0
-8.000000E-3
-8.000000E-3
1.600000E-2
0.000000E+0
8.000000E-3
8.000000E-3
1.600000E-2
-8.000000E-3
0.000000E+0
-8.000000E-3
8.000000E-3
-8.000000E-3
0.000000E+0
0.000000E+0
0.000000E+0
0.000000E+0
0.000000E+0
-8.000000E-3
8.000000E-3
-8.000000E-3
8.000000E-3
8.000000E-3
-8.000000E-3
0.000000E+0
8.000000E-3
1.600000E-2
1.600000E-2
2.400000E-2
0.000000E+0
0.000000E+0
8.000000E-3
8.000000E-3
-8.000000E-3
8.000000E-3
1.600000E-2
8.000000E-3
0.000000E+0
1.600000E-2
0.000000E+0
0.000000E+0
0.000000E+0
0.000000E+0
0.000000E+0
8.000000E-3
0.000000E+0
-8.000000E-3
0.000000E+0
0.000000E+0
-1.600000E-2
-8.000000E-3
0.000000E+0
0.000000E+0
-8.000000E-3
-8.000000E-3
8.000000E-3
-1.600000E-2
-8.000000E-3
-8.000000E-3
-8.000000E-3
-1.600000E-2
-8.000000E-3
8.000000E-3
8.000000E-3
-8.000000E-3
0.000000E+0
0.000000E+0
-8.000000E-3
0.000000E+0
-8.000000E-3
8.000000E-3
0.000000E+0
8.000000E-3
8.000000E-3
-8.000000E-3
-1.600000E-2
-8.000000E-3
2.400000E-2
-8.000000E-3
0.000000E+0
8.000000E-3
-1.600000E-2
1.600000E-2
0.000000E+0
0.000000E+0
8.000000E-3
-8.000000E-3
-8.000000E-3
-8.000000E-3
0.000000E+0
0.000000E+0
8.000000E-3
0.000000E+0
1.600000E-2
0.000000E+0
0.000000E+0
0.000000E+0
0.000000E+0
-8.000000E-3
0.000000E+0
-8.000000E-3
-8.000000E-3
0.000000E+0
8.000000E-3
8.000000E-3
0.000000E+0
0.000000E+0
-8.000000E-3
0.000000E+0
-8.000000E-3
8.000000E-3
0.000000E+0
8.000000E-3
8.000000E-3
0.000000E+0
8.000000E-3
8.000000E-3
0.000000E+0
8.000000E-3
-8.000000E-3
0.000000E+0
8.000000E-3
0.000000E+0
0.000000E+0
-8.000000E-3
0.000000E+0
-8.000000E-3
0.000000E+0
0.000000E+0
8.000000E-3
8.000000E-3
0.000000E+0
8.000000E-3
8.000000E-3
-2.400000E-2
1.600000E-2
3.200000E-2
8.000000E-3
0.000000E+0
0.000000E+0
-8.000000E-3
-1.600000E-2
0.000000E+0
0.000000E+0
0.000000E+0
0.000000E+0
8.000000E-3
-1.600000E-2
8.000000E-3
0.000000E+0
-8.000000E-3
1.600000E-2
8.000000E-3
0.000000E+0
0.000000E+0
8.000000E-3
-1.600000E-2
-8.000000E-3
0.000000E+0
0.000000E+0
8.000000E-3
0.000000E+0
-8.000000E-3
8.000000E-3
0.000000E+0
8.000000E-3
0.000000E+0
0.000000E+0
-8.000000E-3
8.000000E-3
8.000000E-3
0.000000E+0
0.000000E+0
0.000000E+0
-8.000000E-3
8.000000E-3
-8.000000E-3
4.000000E-2
0.000000E+0
0.000000E+0
8.000000E-3
8.000000E-3
0.000000E+0
-8.000000E-3
8.000000E-3
0.000000E+0
8.000000E-3
8.000000E-3
-8.000000E-3
-1.600000E-2
-8.000000E-3
0.000000E+0
0.000000E+0
8.000000E-3
-8.000000E-3
0.000000E+0
0.000000E+0
0.000000E+0
1.600000E-2
8.000000E-3
8.000000E-3
0.000000E+0
8.000000E-3
-8.000000E-3
8.000000E-3
0.000000E+0
-8.000000E-3
0.000000E+0
-8.000000E-3
8.000000E-3
8.000000E-3
-8.000000E-3
8.000000E-3
0.000000E+0
0.000000E+0
-8.000000E-3
0.000000E+0
1.600000E-2
0.000000E+0
1.600000E-2
8.000000E-3
1.600000E-2
-8.000000E-3
0.000000E+0
-8.000000E-3
0.000000E+0
0.000000E+0
8.000000E-3
-8.000000E-3
0.000000E+0
8.000000E-3
0.000000E+0
-8.000000E-3
8.000000E-3
-8.000000E-3
8.000000E-3
0.000000E+0
0.000000E+0
-8.000000E-3
-8.000000E-3
0.000000E+0
0.000000E+0
-2.400000E-2
-5.600000E-2
-2.400000E-2
0.000000E+0
0.000000E+0
0.000000E+0
0.000000E+0
-8.000000E-3
-1.600000E-2
8.000000E-3
8.000000E-3
8.000000E-3
-1.600000E-2
0.000000E+0
0.000000E+0
0.000000E+0
8.000000E-3
8.000000E-3
-8.000000E-3
0.000000E+0
0.000000E+0
1.600000E-2
0.000000E+0
-8.000000E-3
1.600000E-2
8.000000E-3
-1.600000E-2
-8.000000E-3
1.600000E-2
8.000000E-3
0.000000E+0
-1.600000E-2
-1.600000E-2
0.000000E+0
-8.000000E-3
0.000000E+0
8.000000E-3
8.000000E-3
-8.000000E-3
0.000000E+0
0.000000E+0
8.000000E-3
0.000000E+0
0.000000E+0
8.000000E-3
-8.000000E-3
0.000000E+0
0.000000E+0
0.000000E+0
8.000000E-3
0.000000E+0
-8.000000E-3
8.000000E-3
-8.000000E-3
0.000000E+0
0.000000E+0
0.000000E+0
-1.600000E-2
-8.000000E-3
8.000000E-3
8.000000E-3
8.000000E-3
-8.000000E-3
0.000000E+0
-1.600000E-2
0.000000E+0
-8.000000E-3
1.600000E-2
0.000000E+0
8.000000E-3
-8.000000E-3
0.000000E+0
0.000000E+0
0.000000E+0
0.000000E+0
0.000000E+0
0.000000E+0
8.000000E-3
8.000000E-3
-8.000000E-3
8.000000E-3
0.000000E+0
0.000000E+0
0.000000E+0
0.000000E+0
0.000000E+0
8.000000E-3
-8.000000E-3
1.600000E-2
8.000000E-3
8.000000E-3
8.000000E-3
1.600000E-2
0.000000E+0
0.000000E+0
-8.000000E-3
-8.000000E-3
0.000000E+0
8.000000E-3
8.000000E-3
8.000000E-3
-8.000000E-3
-8.000000E-3
0.000000E+0
0.000000E+0
0.000000E+0
-8.000000E-3
0.000000E+0
8.000000E-3
8.000000E-3
-1.600000E-2
-8.000000E-3
8.000000E-3
-4.000000E-2
-8.000000E-3
0.000000E+0
8.000000E-3
8.000000E-3
0.000000E+0
0.000000E+0
8.000000E-3
0.000000E+0
0.000000E+0
-8.000000E-3
0.000000E+0
8.000000E-3
8.000000E-3
1.600000E-2
0.000000E+0
8.000000E-3
8.000000E-3
0.000000E+0
-8.000000E-3
8.000000E-3
0.000000E+0
0.000000E+0
-8.000000E-3
8.000000E-3
8.000000E-3
0.000000E+0
8.000000E-3
8.000000E-3
1.600000E-2
-4.240000E-1
1.040000E-1
6.400000E-2
-1.280000E-1
-4.000000E-2
8.000000E-3
1.600000E-2
1.600000E-2
0.000000E+0
-8.000000E-3
0.000000E+0
-8.000000E-3
-8.000000E-3
0.000000E+0
0.000000E+0
8.000000E-3
-8.000000E-3
8.000000E-3
-8.000000E-3
0.000000E+0
-2.400000E-2
0.000000E+0
8.000000E-3
0.000000E+0
-8.000000E-3
8.000000E-3
0.000000E+0
8.000000E-3
8.000000E-3
0.000000E+0
8.000000E-3
0.000000E+0
0.000000E+0
0.000000E+0
0.000000E+0
8.000000E-3
0.000000E+0
-8.000000E-3
0.000000E+0
-8.000000E-3
-8.000000E-3
8.000000E-3
0.000000E+0
8.000000E-3
8.000000E-3
0.000000E+0
8.000000E-3
1.600000E-2
1.600000E-2
-8.000000E-3
8.000000E-3
8.000000E-3
0.000000E+0
8.000000E-3
0.000000E+0
0.000000E+0
8.000000E-3
8.000000E-3
0.000000E+0
2.400000E-2
8.000000E-3
-8.000000E-3
-8.000000E-3
0.000000E+0
0.000000E+0
0.000000E+0
8.000000E-3
0.000000E+0
0.000000E+0
8.000000E-3
1.600000E-2
0.000000E+0
1.600000E-2
1.600000E-2
-3.200000E-2
-1.600000E-2
0.000000E+0
0.000000E+0
1.600000E-2
0.000000E+0
-8.000000E-3
-8.000000E-3
1.600000E-2
0.000000E+0
8.000000E-3
8.000000E-3
-8.000000E-3
0.000000E+0
8.000000E-3
0.000000E+0
0.000000E+0
0.000000E+0
0.000000E+0
0.000000E+0
0.000000E+0
8.000000E-3
8.000000E-3
1.600000E-2
8.000000E-3
8.000000E-3
-1.600000E-2
-8.000000E-3
8.000000E-3
8.000000E-3
8.000000E-3
8.000000E-3
0.000000E+0
0.000000E+0
0.000000E+0
0.000000E+0
-1.600000E-2
0.000000E+0
-8.000000E-3
8.000000E-3
1.600000E-2
8.000000E-3
8.000000E-3
8.000000E-3
-8.000000E-3
0.000000E+0
0.000000E+0
1.600000E-2
8.000000E-3
1.600000E-2
8.000000E-3
0.000000E+0
-8.000000E-3
8.000000E-3
0.000000E+0
8.000000E-3
1.600000E-2
0.000000E+0
0.000000E+0
-8.000000E-3
8.000000E-3
-8.000000E-3
1.600000E-2
-8.000000E-3
-8.000000E-3
0.000000E+0
0.000000E+0
8.000000E-3
-8.000000E-3
-8.000000E-3
0.000000E+0
8.000000E-3
0.000000E+0
8.000000E-3
3.200000E-2
0.000000E+0
-8.000000E-3
8.000000E-3
8.000000E-3
0.000000E+0
0.000000E+0
0.000000E+0
8.000000E-3
0.000000E+0
-8.000000E-3
8.000000E-3
0.000000E+0
0.000000E+0
8.000000E-3
-1.600000E-2
1.600000E-2
0.000000E+0
0.000000E+0
8.000000E-3
0.000000E+0
-8.000000E-3
-1.600000E-2
0.000000E+0
0.000000E+0
0.000000E+0
0.000000E+0
8.000000E-3
-8.000000E-3
8.000000E-3
0.000000E+0
0.000000E+0
1.600000E-2
1.600000E-2
-8.000000E-3
-1.600000E-2
0.000000E+0
-1.600000E-2
8.000000E-3
0.000000E+0
0.000000E+0
-8.000000E-3
0.000000E+0
-8.000000E-3
0.000000E+0
0.000000E+0
-8.000000E-3
8.000000E-3
-8.000000E-3
0.000000E+0
0.000000E+0
8.000000E-3
0.000000E+0
0.000000E+0
0.000000E+0
8.000000E-3
8.000000E-3
0.000000E+0
-8.000000E-3
1.600000E-2
1.600000E-2
0.000000E+0
8.000000E-3
8.000000E-3
8.000000E-3
8.000000E-3
8.000000E-3
-1.600000E-2
8.000000E-3
8.000000E-3
0.000000E+0
0.000000E+0
8.000000E-3
8.000000E-3
0.000000E+0
0.000000E+0
0.000000E+0
0.000000E+0
0.000000E+0
0.000000E+0
-8.000000E-3
1.600000E-2
0.000000E+0
0.000000E+0
-8.000000E-3
-1.600000E-2
-8.000000E-3
-2.400000E-2
-8.000000E-3
8.000000E-3
-8.000000E-3
0.000000E+0
0.000000E+0
8.000000E-3
0.000000E+0
8.000000E-3
0.000000E+0
0.000000E+0
-8.000000E-3
8.000000E-3
8.000000E-3
-8.000000E-3
8.000000E-3
-8.000000E-3
8.000000E-3
8.000000E-3
-8.000000E-3
8.000000E-3
0.000000E+0
0.000000E+0
0.000000E+0
0.000000E+0
-1.600000E-2
-8.000000E-3
0.000000E+0
0.000000E+0
0.000000E+0
8.000000E-3
0.000000E+0
-2.400000E-2
0.000000E+0
0.000000E+0
0.000000E+0
-8.000000E-3
0.000000E+0
0.000000E+0
0.000000E+0
8.000000E-3
1.600000E-2
0.000000E+0
0.000000E+0
-8.000000E-3
0.000000E+0
0.000000E+0
8.000000E-3
8.000000E-3
0.000000E+0
0.000000E+0
0.000000E+0
5.600000E-2
1.600000E-2
-1.600000E-2
-8.000000E-3
-8.000000E-3
-8.000000E-3
0.000000E+0
0.000000E+0
-1.600000E-2
0.000000E+0
0.000000E+0
8.000000E-3
-1.600000E-2
-1.600000E-2
0.000000E+0
8.000000E-3
8.000000E-3
0.000000E+0
0.000000E+0
0.000000E+0
-8.000000E-3
0.000000E+0
8.000000E-3
0.000000E+0
8.000000E-3
1.600000E-2
0.000000E+0
-8.000000E-3
0.000000E+0
0.000000E+0
8.000000E-3
0.000000E+0
-8.000000E-3
8.000000E-3
8.000000E-3
0.000000E+0
-1.600000E-2
-1.600000E-2
0.000000E+0
0.000000E+0
8.000000E-3
8.000000E-3
0.000000E+0
1.600000E-2
-8.000000E-3
-8.000000E-3
0.000000E+0
-1.600000E-2
-8.000000E-3
-1.600000E-2
0.000000E+0
-1.600000E-2
-1.600000E-2
0.000000E+0
8.000000E-3
0.000000E+0
8.000000E-3
0.000000E+0
8.000000E-3
8.000000E-3
1.600000E-2
8.000000E-3
0.000000E+0
8.000000E-3
8.000000E-3
8.000000E-3
0.000000E+0
1.600000E-2
8.000000E-3
8.000000E-3
1.600000E-2
8.000000E-3
0.000000E+0
0.000000E+0
0.000000E+0
8.000000E-3
8.000000E-3
0.000000E+0
-8.000000E-3
8.000000E-3
-8.000000E-3
8.000000E-3
-8.000000E-3
0.000000E+0
0.000000E+0
-8.000000E-3
-8.000000E-3
-8.000000E-3
-8.000000E-3
-2.400000E-2
-1.600000E-2
0.000000E+0
-2.400000E-2
-8.000000E-3
-8.000000E-3
-8.000000E-3
-8.000000E-3
8.000000E-3
1.600000E-2
-8.000000E-3
8.000000E-3
0.000000E+0
8.000000E-3
8.000000E-3
8.000000E-3
1.600000E-2
1.600000E-2
-8.000000E-3
1.600000E-2
4.000000E-2
1.600000E-2
0.000000E+0
0.000000E+0
8.000000E-3
-8.000000E-3
-8.000000E-3
-8.000000E-3
-8.000000E-3
-2.400000E-2
-1.600000E-2
-8.000000E-3
-1.600000E-2
-8.000000E-3
-8.000000E-3
0.000000E+0
0.000000E+0
-1.600000E-2
-8.000000E-3
-8.000000E-3
-8.000000E-3
0.000000E+0
8.000000E-3
0.000000E+0
8.000000E-3
8.000000E-3
8.000000E-3
0.000000E+0
8.000000E-3
8.000000E-3
8.000000E-3
-1.600000E-2
8.000000E-3
0.000000E+0
0.000000E+0
8.000000E-3
8.000000E-3
0.000000E+0
8.000000E-3
8.000000E-3
8.000000E-3
8.000000E-3
1.600000E-2
-8.000000E-3
-8.000000E-3
0.000000E+0
8.000000E-3
8.000000E-3
1.600000E-2
1.600000E-2
8.000000E-3
0.000000E+0
0.000000E+0
2.400000E-2
0.000000E+0
8.000000E-3
8.000000E-3
-8.000000E-3
-1.600000E-2
-1.600000E-2
-4.000000E-2
-2.400000E-2
-2.400000E-2
-2.400000E-2
-8.000000E-3
-2.400000E-2
-8.000000E-3
-1.600000E-2
-8.000000E-3
-1.600000E-2
-2.400000E-2
-8.000000E-3
8.000000E-3
8.000000E-3
3.200000E-2
3.200000E-2
4.000000E-2
4.000000E-2
4.800000E-2
3.200000E-2
3.200000E-2
2.400000E-2
4.000000E-2
2.400000E-2
1.600000E-2
0.000000E+0
0.000000E+0
0.000000E+0
-8.000000E-3
-2.400000E-2
-2.400000E-2
-2.400000E-2
-3.200000E-2
-1.600000E-2
-3.200000E-2
-2.400000E-2
-1.600000E-2
-1.600000E-2
-1.600000E-2
-1.600000E-2
1.600000E-2
0.000000E+0
8.000000E-3
-8.000000E-3
-2.400000E-2
3.200000E-2
4.000000E-2
2.400000E-2
2.400000E-2
-8.000000E-3
0.000000E+0
-8.000000E-3
0.000000E+0
-8.000000E-3
-8.000000E-3
-1.600000E-2
-8.000000E-3
-8.000000E-3
-2.400000E-2
-2.400000E-2
-1.600000E-2
-8.000000E-3
-1.600000E-2
-1.600000E-2
-8.000000E-3
8.000000E-3
1.600000E-2
1.600000E-2
4.000000E-2
5.600000E-2
6.400000E-2
5.600000E-2
4.800000E-2
5.600000E-2
3.200000E-2
3.200000E-2
1.600000E-2
1.600000E-2
1.600000E-2
0.000000E+0
0.000000E+0
-1.600000E-2
-3.200000E-2
-4.000000E-2
-4.000000E-2
-6.400000E-2
-4.800000E-2
-4.800000E-2
-4.800000E-2
-5.600000E-2
-5.600000E-2
-4.800000E-2
-3.200000E-2
-1.600000E-2
-8.000000E-3
0.000000E+0
8.000000E-3
2.400000E-2
4.000000E-2
4.800000E-2
4.800000E-2
2.400000E-2
4.000000E-2
2.400000E-2
2.400000E-2
2.400000E-2
2.400000E-2
2.400000E-2
8.000000E-3
-8.000000E-3
8.000000E-3
8.000000E-3
-2.400000E-2
8.000000E-3
-1.600000E-2
-8.000000E-3
0.000000E+0
8.000000E-3
1.600000E-2
1.600000E-2
1.600000E-2
3.200000E-2
3.200000E-2
4.800000E-2
3.200000E-2
3.200000E-2
3.200000E-2
3.200000E-2
2.400000E-2
0.000000E+0
8.000000E-3
-8.000000E-3
-1.600000E-2
-1.600000E-2
-4.800000E-2
-4.000000E-2
-6.400000E-2
-6.400000E-2
-7.200000E-2
-8.000000E-2
-8.000000E-2
-1.040000E-1
-7.200000E-2
-5.600000E-2
-4.800000E-2
-4.000000E-2
0.000000E+0
1.600000E-2
2.400000E-2
7.200000E-2
4.000000E-2
3.200000E-2
4.800000E-2
7.200000E-2
7.200000E-2
7.200000E-2
8.000000E-2
5.600000E-2
4.000000E-2
4.000000E-2
4.000000E-2
2.400000E-2
8.000000E-3
1.600000E-2
0.000000E+0
-8.000000E-3
0.000000E+0
-1.600000E-2
-1.600000E-2
-2.400000E-2
-2.400000E-2
-1.600000E-2
-8.000000E-3
0.000000E+0
-8.000000E-3
1.600000E-2
8.000000E-3
0.000000E+0
0.000000E+0
-8.000000E-3
-8.000000E-3
-1.600000E-2
-1.600000E-2
-1.600000E-2
0.000000E+0
-1.600000E-2
-3.200000E-2
-4.000000E-2
-5.600000E-2
-5.600000E-2
-5.600000E-2
-8.000000E-2
-7.200000E-2
-7.200000E-2
-5.600000E-2
-4.000000E-2
-1.600000E-2
-8.000000E-3
1.600000E-2
4.000000E-2
4.800000E-2
8.000000E-2
9.600000E-2
8.000000E-2
9.600000E-2
9.600000E-2
1.040000E-1
9.600000E-2
1.040000E-1
8.800000E-2
8.800000E-2
8.000000E-2
6.400000E-2
2.400000E-2
1.600000E-2
-1.600000E-2
-1.600000E-2
-4.800000E-2
-8.800000E-2
-8.800000E-2
-8.000000E-2
-8.800000E-2
-7.200000E-2
-7.200000E-2
-6.400000E-2
-4.800000E-2
-3.200000E-2
-1.600000E-2
-2.400000E-2
8.000000E-3
-8.000000E-3
3.200000E-2
2.400000E-2
4.000000E-2
4.800000E-2
4.800000E-2
4.000000E-2
3.200000E-2
2.400000E-2
2.400000E-2
1.600000E-2
8.000000E-3
-1.600000E-2
-3.200000E-2
-3.200000E-2
-4.000000E-2
-4.000000E-2
-4.800000E-2
-3.200000E-2
-4.000000E-2
-2.400000E-2
-3.200000E-2
-8.000000E-3
1.600000E-2
8.000000E-3
0.000000E+0
8.000000E-3
3.200000E-2
4.000000E-2
4.000000E-2
4.800000E-2
4.000000E-2
5.600000E-2
4.800000E-2
5.600000E-2
3.200000E-2
2.400000E-2
1.600000E-2
-8.000000E-3
-1.600000E-2
-4.000000E-2
-4.800000E-2
-4.800000E-2
-4.800000E-2
-4.000000E-2
-3.200000E-2
-4.000000E-2
-4.000000E-2
-1.600000E-2
0.000000E+0
2.400000E-2
3.200000E-2
2.400000E-2
4.000000E-2
4.800000E-2
6.400000E-2
7.200000E-2
8.000000E-2
6.400000E-2
8.800000E-2
7.200000E-2
6.400000E-2
4.000000E-2
1.600000E-2
8.000000E-3
-1.600000E-2
-2.400000E-2
-4.000000E-2
-4.800000E-2
-5.600000E-2
-7.200000E-2
-7.200000E-2
-5.600000E-2
-5.600000E-2
-8.000000E-2
-9.600000E-2
-8.000000E-2
-4.800000E-2
-4.800000E-2
-2.400000E-2
-8.000000E-3
1.600000E-2
2.400000E-2
4.000000E-2
3.200000E-2
4.000000E-2
5.600000E-2
3.200000E-2
3.200000E-2
3.200000E-2
2.400000E-2
1.600000E-2
8.000000E-3
0.000000E+0
0.000000E+0
-1.600000E-2
-8.000000E-3
-3.200000E-2
-1.600000E-2
-4.000000E-2
-3.200000E-2
-3.200000E-2
-1.600000E-2
8.000000E-3
8.000000E-3
4.800000E-2
6.400000E-2
8.000000E-2
8.000000E-2
9.600000E-2
8.800000E-2
8.000000E-2
8.800000E-2
6.400000E-2
4.000000E-2
3.200000E-2
8.000000E-3
-8.000000E-3
-3.200000E-2
-5.600000E-2
-8.000000E-2
-8.800000E-2
-9.600000E-2
-1.120000E-1
-1.040000E-1
-1.120000E-1
-1.200000E-1
-9.600000E-2
-8.800000E-2
-1.120000E-1
-1.040000E-1
-3.200000E-2
1.600000E-2
3.200000E-2
5.600000E-2
8.000000E-2
1.040000E-1
1.120000E-1
1.120000E-1
1.120000E-1
9.600000E-2
7.200000E-2
7.200000E-2
4.000000E-2
4.000000E-2
3.200000E-2
1.600000E-2
0.000000E+0
-8.000000E-3
-1.600000E-2
-1.600000E-2
-4.000000E-2
-4.000000E-2
-4.000000E-2
-4.800000E-2
-1.600000E-2
-2.400000E-2
-2.400000E-2
-8.000000E-3
4.800000E-2
4.800000E-2
6.400000E-2
5.600000E-2
7.200000E-2
7.200000E-2
4.800000E-2
4.000000E-2
2.400000E-2
-8.000000E-3
-2.400000E-2
-4.800000E-2
-7.200000E-2
-6.400000E-2
-8.800000E-2
-1.040000E-1
-1.200000E-1
-1.120000E-1
-1.200000E-1
-1.200000E-1
-1.040000E-1
-8.800000E-2
-8.000000E-2
-4.800000E-2
-3.200000E-2
1.600000E-2
3.200000E-2
8.000000E-2
1.120000E-1
1.360000E-1
1.360000E-1
1.520000E-1
1.440000E-1
1.360000E-1
1.280000E-1
1.120000E-1
8.800000E-2
8.000000E-2
4.800000E-2
1.600000E-2
1.600000E-2
-2.400000E-2
-4.000000E-2
-4.000000E-2
-6.400000E-2
-8.000000E-2
-7.200000E-2
-8.000000E-2
-8.800000E-2
-8.000000E-2
-7.200000E-2
-5.600000E-2
-2.400000E-2
-1.600000E-2
8.000000E-3
1.600000E-2
3.200000E-2
5.600000E-2
6.400000E-2
4.800000E-2
4.000000E-2
4.000000E-2
2.400000E-2
1.600000E-2
0.000000E+0
-8.000000E-3
-3.200000E-2
-3.200000E-2
-4.000000E-2
-4.000000E-2
-4.800000E-2
-4.000000E-2
-3.200000E-2
-3.200000E-2
-8.000000E-3
-5.600000E-2
-3.200000E-2
2.400000E-2
4.800000E-2
8.800000E-2
8.000000E-2
1.040000E-1
1.120000E-1
1.200000E-1
1.120000E-1
1.200000E-1
9.600000E-2
9.600000E-2
7.200000E-2
4.800000E-2
3.200000E-2
0.000000E+0
-3.200000E-2
-5.600000E-2
-9.600000E-2
-1.120000E-1
-1.120000E-1
-1.280000E-1
-1.360000E-1
-1.280000E-1
-1.200000E-1
-1.120000E-1
-1.040000E-1
-8.800000E-2
-6.400000E-2
-4.000000E-2
-1.600000E-2
8.000000E-3
3.200000E-2
7.200000E-2
8.000000E-2
9.600000E-2
1.120000E-1
1.120000E-1
1.040000E-1
9.600000E-2
8.800000E-2
8.000000E-2
5.600000E-2
4.000000E-2
8.000000E-3
-8.000000E-3
-4.000000E-2
-4.000000E-2
-6.400000E-2
-4.800000E-2
-4.800000E-2
-5.600000E-2
-3.200000E-2
-1.600000E-2
-1.600000E-2
-8.000000E-3
0.000000E+0
8.000000E-3
4.800000E-2
5.600000E-2
6.400000E-2
8.000000E-2
9.600000E-2
7.200000E-2
5.600000E-2
4.000000E-2
2.400000E-2
0.000000E+0
-2.400000E-2
-3.200000E-2
-5.600000E-2
-8.000000E-2
-9.600000E-2
-1.280000E-1
-1.200000E-1
-1.360000E-1
-1.280000E-1
-1.120000E-1
-8.800000E-2
-6.400000E-2
-4.800000E-2
-1.600000E-2
8.000000E-3
1.600000E-2
6.400000E-2
1.120000E-1
1.200000E-1
1.200000E-1
1.440000E-1
1.520000E-1
1.360000E-1
1.360000E-1
9.600000E-2
8.800000E-2
7.200000E-2
4.800000E-2
1.600000E-2
-8.000000E-3
-1.600000E-2
-4.800000E-2
-7.200000E-2
-8.800000E-2
-9.600000E-2
-1.440000E-1
-1.520000E-1
-1.040000E-1
-5.600000E-2
-4.800000E-2
-4.000000E-2
-8.000000E-3
0.000000E+0
8.000000E-3
3.200000E-2
4.000000E-2
4.800000E-2
7.200000E-2
7.200000E-2
8.000000E-2
6.400000E-2
4.800000E-2
8.000000E-3
1.600000E-2
0.000000E+0
-4.000000E-2
-5.600000E-2
-8.000000E-2
-8.000000E-2
-1.040000E-1
-1.040000E-1
-9.600000E-2
-8.000000E-2
-7.200000E-2
-5.600000E-2
-2.400000E-2
2.400000E-2
4.800000E-2
7.200000E-2
8.000000E-2
9.600000E-2
1.200000E-1
1.280000E-1
1.360000E-1
1.280000E-1
1.440000E-1
1.280000E-1
1.040000E-1
8.000000E-2
5.600000E-2
8.000000E-3
-2.400000E-2
-6.400000E-2
-9.600000E-2
-1.200000E-1
-1.280000E-1
-1.520000E-1
-1.600000E-1
-1.680000E-1
-1.600000E-1
-1.520000E-1
-1.280000E-1
-8.800000E-2
-8.000000E-2
-2.400000E-2
1.600000E-2
4.000000E-2
5.600000E-2
8.800000E-2
1.040000E-1
1.200000E-1
1.280000E-1
1.360000E-1
1.360000E-1
1.440000E-1
1.200000E-1
1.040000E-1
7.200000E-2
4.800000E-2
8.000000E-3
-8.000000E-3
-2.400000E-2
-3.200000E-2
-5.600000E-2
-3.200000E-2
-4.800000E-2
-4.800000E-2
-5.600000E-2
-4.800000E-2
-4.000000E-2
-8.000000E-3
1.600000E-2
4.000000E-2
4.800000E-2
4.800000E-2
6.400000E-2
5.600000E-2
6.400000E-2
7.200000E-2
5.600000E-2
5.600000E-2
2.400000E-2
2.400000E-2
-1.600000E-2
-5.600000E-2
-8.800000E-2
-1.200000E-1
-1.200000E-1
-1.520000E-1
-1.840000E-1
-1.520000E-1
-1.520000E-1
-1.600000E-1
-1.200000E-1
-1.040000E-1
-7.200000E-2
-2.400000E-2
-1.600000E-2
3.200000E-2
7.200000E-2
1.200000E-1
1.520000E-1
1.440000E-1
1.760000E-1
2.080000E-1
2.160000E-1
2.000000E-1
1.920000E-1
1.760000E-1
1.360000E-1
8.000000E-2
5.600000E-2
1.600000E-2
-2.400000E-2
-5.600000E-2
-8.800000E-2
-1.120000E-1
-1.200000E-1
-1.440000E-1
-1.520000E-1
-1.360000E-1
-1.280000E-1
-1.200000E-1
-9.600000E-2
-8.000000E-2
-6.400000E-2
-4.800000E-2
0.000000E+0
1.600000E-2
5.600000E-2
8.000000E-2
9.600000E-2
1.040000E-1
1.040000E-1
9.600000E-2
6.400000E-2
4.800000E-2
4.000000E-2
8.000000E-3
8.000000E-3
-1.600000E-2
-2.400000E-2
-2.400000E-2
-3.200000E-2
-5.600000E-2
-4.000000E-2
-5.600000E-2
-3.200000E-2
-2.400000E-2
-1.600000E-2
3.200000E-2
3.200000E-2
4.800000E-2
8.000000E-2
8.000000E-2
8.800000E-2
1.120000E-1
1.040000E-1
1.120000E-1
7.200000E-2
8.000000E-2
5.600000E-2
2.400000E-2
-8.000000E-3
-4.000000E-2
-6.400000E-2
-8.800000E-2
-1.280000E-1
-1.360000E-1
-1.520000E-1
-1.680000E-1
-1.680000E-1
-1.600000E-1
-1.440000E-1
-1.360000E-1
-1.200000E-1
-8.000000E-2
-5.600000E-2
-1.600000E-2
4.000000E-2
8.800000E-2
1.120000E-1
1.440000E-1
1.440000E-1
1.520000E-1
1.600000E-1
1.760000E-1
1.600000E-1
1.440000E-1
1.280000E-1
9.600000E-2
6.400000E-2
4.000000E-2
5.600000E-2
-8.000000E-3
-7.200000E-2
-8.000000E-2
-8.000000E-2
-9.600000E-2
-1.120000E-1
-1.280000E-1
-1.280000E-1
-9.600000E-2
-8.800000E-2
